% Time (s)	Gyro Output (degs/s)	Input Rate (rad/s)	%2/2/201811:12 AM
0.000	0.000	0.000
8253.010	-0.030	0.000
8253.060	0.120	0.000
8253.080	0.190	0.000
8253.100	0.090	0.000
8253.170	-0.030	0.000
8253.300	0.090	0.000
8253.470	-6.520	0.586
8253.490	-5.770	0.952
8253.500	-5.480	1.172
8253.520	-5.390	1.232
8253.540	-7.190	1.305
8253.550	-7.940	1.378
8253.570	-8.700	1.452
8253.600	-7.250	1.378
8253.620	-5.970	1.172
8253.650	-9.890	1.318
8253.690	-21.730	2.686
8254.090	-174.790	31.501
8254.150	-193.320	35.522
8254.270	-235.750	43.933
8255.260	151.840	-28.378
8255.270	152.640	-28.378
8255.290	154.440	-28.964
8255.300	155.660	-28.817
8255.320	156.850	-29.736
8255.590	239.990	-43.066
8255.670	264.180	-50.464
8255.700	266.760	-50.644
8255.730	267.670	-51.449
8255.750	266.800	-52.003
8255.970	207.250	-42.114
8256.200	165.070	-32.121
8256.210	165.670	-32.340
8256.230	160.910	-31.535
8256.240	156.570	-31.388
8256.650	-178.060	31.780
8256.710	-181.370	35.076
8256.720	-178.270	35.223
8256.820	-189.240	36.013
8256.830	-189.960	36.086
8257.070	-225.040	43.912
8257.170	-209.540	42.006
8257.250	-194.950	39.600
8257.320	-185.440	36.766
8257.380	-172.810	34.449
8257.400	-172.370	33.936
8257.410	-172.210	33.798
8257.460	-174.460	33.659
8257.470	-175.480	33.659
8257.520	-176.750	33.765
8257.530	-176.410	33.765
8257.920	90.140	-12.077
8258.190	176.680	-33.838
8258.230	173.520	-33.765
8258.240	173.770	-33.911
8258.270	175.570	-33.838
8258.290	179.600	-34.204
8258.310	182.820	-34.424
8258.500	199.240	-39.088
8258.510	198.260	-39.088
8258.540	198.790	-39.014
8258.560	200.810	-39.038
8258.570	201.720	-39.111
8258.960	163.880	-32.067
8258.990	166.610	-31.920
8259.010	165.030	-31.627
8259.650	-194.080	37.825
8259.730	-186.340	36.557
8259.740	-186.280	36.338
8259.790	-189.650	36.308
8259.800	-191.780	36.308
8259.840	-191.820	37.329
8259.850	-191.070	37.695
8259.880	-190.480	37.409
8259.890	-190.010	37.409
8259.930	-189.060	36.970
8259.940	-189.140	36.481
8260.230	-169.740	33.088
8260.240	-170.150	33.162
8260.290	-174.340	33.398
8260.310	-176.490	33.545
8260.430	-165.120	33.054
8261.150	142.350	-27.074
8261.320	158.940	-30.096
8261.360	162.890	-30.755
8261.460	164.810	-32.443
8261.640	178.290	-34.204
8261.770	209.050	-38.665
8261.800	211.460	-39.837
8261.830	209.260	-40.496
8261.860	205.230	-40.649
8261.870	203.130	-40.283
8261.880	201.890	-40.356
8261.920	199.910	-39.258
8261.960	199.100	-39.307
8262.000	197.650	-39.307
8262.610	-177.520	33.601
8262.670	-189.500	35.487
8262.850	-246.300	46.023
8263.340	-177.600	35.522
8263.900	193.960	-35.486
8263.910	194.140	-36.365
8263.930	193.480	-36.805
8263.980	189.210	-36.854
8264.170	198.230	-38.039
8264.200	200.850	-38.918
8264.440	205.830	-42.291
8264.660	203.740	-39.551
8264.780	191.030	-37.939
8265.190	-168.660	31.641
8265.220	-169.420	32.739
8265.250	-166.580	32.446
8265.340	-147.130	29.599
8265.440	-113.190	24.177
8265.460	-112.870	23.151
8265.470	-112.860	22.785
8265.480	-112.610	22.346
8265.520	-111.990	21.826
8265.550	-114.150	22.192
8265.700	-145.250	28.198
8265.710	-145.300	28.271
8265.760	-146.290	28.573
8265.820	-159.520	29.478
8265.920	-175.890	33.610
8265.930	-175.770	33.976
8265.950	-173.650	33.472
8265.970	-170.060	33.392
8265.990	-172.080	33.555
8266.000	-174.460	33.701
8266.040	-186.630	34.360
8266.170	-200.320	38.232
8266.210	-200.580	38.306
8266.250	-195.960	38.932
8266.460	-156.280	30.622
8267.090	203.770	-39.185
8267.360	230.560	-43.905
8267.380	230.420	-43.832
8267.390	230.120	-43.905
8267.400	229.590	-44.125
8267.470	226.340	-44.946
8267.540	218.030	-42.941
8267.550	217.530	-42.867
8267.570	219.760	-42.867
8267.600	223.050	-43.066
8267.610	225.440	-43.140
8267.630	229.390	-43.433
8267.670	233.670	-44.032
8267.680	232.820	-44.178
8267.750	201.340	-41.279
8268.280	-162.010	31.354
8268.350	-162.830	31.330
8268.370	-165.330	31.696
8268.460	-171.880	33.512
8268.530	-173.180	33.776
8268.570	-176.000	33.968
8268.640	-174.640	34.204
8268.690	-176.670	34.497
8268.700	-177.600	33.984
8268.940	-211.200	41.016
8269.160	-201.690	40.137
8269.240	-175.970	35.782
8269.260	-172.610	34.976
8269.310	-157.640	32.536
8269.840	178.130	-32.420
8269.970	190.390	-36.108
8270.000	189.960	-36.768
8270.020	189.230	-36.621
8270.170	208.560	-39.437
8270.380	238.340	-45.958
8270.570	196.400	-38.818
8270.590	200.110	-39.038
8270.600	202.880	-39.258
8270.610	206.360	-39.185
8270.700	216.310	-41.895
8270.720	215.560	-41.895
8270.750	211.180	-41.455
8271.260	-192.510	35.376
8271.270	-195.970	35.376
8271.330	-197.020	37.866
8271.390	-194.280	37.613
8271.470	-178.710	35.269
8271.500	-180.160	34.937
8271.540	-177.550	34.790
8271.550	-177.480	34.644
8271.590	-178.240	34.595
8271.620	-177.910	34.661
8271.660	-181.450	34.807
8272.200	-180.300	36.961
8272.220	-179.260	35.716
8272.240	-180.410	34.837
8272.270	-182.680	34.248
8272.300	-180.030	34.861
8272.860	197.680	-37.580
8272.950	198.660	-38.452
8273.050	196.490	-37.786
8273.080	195.560	-37.567
8273.100	193.540	-37.640
8273.120	192.570	-37.720
8273.130	192.370	-37.500
8273.160	193.100	-37.646
8273.490	214.680	-41.371
8273.590	219.590	-42.998
8273.620	218.660	-42.949
8273.660	218.370	-42.605
8273.700	217.230	-42.076
8274.350	-197.620	38.263
8274.580	-153.740	31.274
8274.680	-151.480	29.727
8275.060	-216.560	41.875
8275.080	-216.720	42.347
8275.220	-185.320	36.987
8275.290	-179.720	34.717
8275.420	-171.300	33.252
8275.450	-170.760	33.105
8275.990	182.850	-34.394
8276.070	182.440	-35.286
8276.150	184.680	-35.698
8276.170	185.090	-35.551
8276.240	185.340	-35.944
8276.250	185.080	-35.236
8276.270	185.340	-36.139
8276.280	185.110	-35.913
8276.340	181.870	-35.840
8276.350	181.700	-35.660
8276.360	181.800	-35.733
8276.430	185.530	-35.774
8276.450	185.750	-35.967
8276.460	185.870	-35.747
8276.660	288.740	-53.320
8276.670	293.550	-53.320
8276.690	293.400	-54.932
8277.410	-156.910	28.711
8277.650	-186.330	35.669
8277.670	-185.550	35.622
8277.860	-198.340	38.664
8278.100	-226.720	44.029
8278.330	-197.500	38.525
8278.380	-198.870	38.452
8278.980	165.620	-31.421
8279.040	160.920	-31.641
8279.050	160.140	-31.128
8279.140	158.450	-30.493
8279.420	173.890	-33.691
8279.430	173.480	-33.545
8279.460	171.860	-33.472
8279.480	171.400	-33.545
8279.500	172.150	-33.252
8279.520	173.170	-33.252
8279.740	207.480	-38.963
8279.750	209.110	-39.549
8279.860	227.940	-43.506
8279.920	232.210	-44.604
8279.950	229.680	-44.751
8280.560	-161.730	28.711
8280.650	-171.940	32.739
8280.660	-172.610	32.886
8280.910	-191.650	36.816
8281.270	-252.140	48.526
8281.540	-193.550	38.257
8281.550	-195.790	38.330
8281.560	-198.030	38.184
8281.580	-202.270	38.184
8281.620	-204.820	39.136
8281.650	-205.680	38.972
8281.670	-201.800	38.898
8282.140	162.680	-28.671
8282.340	184.740	-34.391
8282.400	182.970	-35.824
8282.570	175.080	-33.535
8282.590	175.770	-34.041
8282.610	176.530	-34.334
8282.660	174.410	-34.164
8282.800	176.010	-33.545
8282.880	194.490	-36.268
8282.900	198.870	-37.220
8282.910	202.590	-38.091
8283.070	240.970	-47.153
8283.090	237.460	-46.933
8283.100	236.680	-46.787
8283.120	236.120	-46.640
8283.230	214.970	-42.793
8283.620	-151.420	27.026
8283.840	-233.510	44.232
8284.260	-217.360	43.286
8284.290	-214.650	41.895
8284.400	-219.440	42.261
8284.500	-198.760	39.331
8284.560	-181.710	35.962
8284.650	-159.470	32.195
8284.880	-159.640	30.629
8284.900	-155.690	30.366
8285.350	189.620	-37.793
8285.390	192.190	-37.061
8285.490	184.740	-35.902
8285.500	184.250	-35.902
8285.570	184.080	-35.343
8285.590	184.830	-35.798
8285.730	193.790	-37.207
8285.740	195.380	-37.427
8285.770	198.340	-37.793
8285.780	198.320	-38.306
8285.800	197.600	-38.379
8285.960	217.210	-41.235
8286.130	296.390	-56.084
8286.500	46.830	-12.817
8286.510	43.170	-11.373
8286.520	39.720	-10.127
8286.530	37.250	-9.395
8286.560	25.040	-7.124
8286.600	17.340	-4.671
8286.670	16.180	-3.310
8286.700	9.110	-2.724
8286.790	2.140	-0.945
8286.810	2.440	-0.726
8286.840	0.790	-0.579
8286.870	-0.480	-0.360
