% Time (s)	Gyro Output (degs/s)	Input Rate (rad/s)	%2/2/201810:59 AM
0.000	0.000	0.000
7475.210	0.030	0.000
7475.250	0.180	0.000
7475.340	3.680	-0.513
7475.480	13.730	-2.197
7475.530	18.600	-2.983
7475.540	19.840	-3.203
7475.550	21.260	-3.203
7475.570	23.790	-3.496
7475.720	41.800	-7.471
7475.760	46.360	-7.983
7475.880	63.520	-11.353
7475.900	67.510	-12.085
7475.930	72.040	-13.184
7475.980	80.190	-14.355
7475.990	81.560	-15.015
7476.000	82.340	-14.795
7476.040	90.240	-16.382
7476.300	126.630	-23.560
7476.460	148.040	-27.466
7476.500	152.030	-28.735
7476.530	155.730	-29.687
7476.540	158.950	-30.054
7476.570	160.770	-30.396
7476.600	164.980	-30.961
7476.620	166.430	-30.961
7476.650	168.670	-31.775
7477.080	211.260	-40.877
7477.170	217.470	-41.679
7477.270	223.820	-43.286
7477.300	225.080	-43.286
7477.320	226.580	-43.799
7477.380	228.410	-44.795
7477.390	229.970	-44.596
7477.450	230.270	-44.729
7477.460	231.780	-44.460
7477.490	230.960	-44.751
7477.520	231.160	-45.296
7477.840	204.740	-40.869
7478.540	31.360	-8.030
7478.550	30.460	-7.737
7478.560	29.600	-7.371
7478.910	-70.790	11.640
7478.920	-72.830	12.006
7478.930	-73.990	12.592
7479.230	-143.310	26.560
7479.440	-179.250	33.487
7479.500	-187.590	35.396
7479.530	-191.380	35.835
7479.540	-193.440	36.495
7479.550	-194.320	36.348
7479.570	-195.580	37.211
7479.590	-197.790	37.650
7479.610	-199.680	37.943
7480.170	-186.040	36.665
7480.180	-183.610	36.665
7480.300	-168.220	33.398
7480.380	-159.720	31.641
7480.470	-144.350	28.951
7480.560	-128.910	25.342
7480.620	-117.950	23.511
7481.070	-47.410	9.672
7481.080	-45.180	9.672
7481.110	-41.130	8.647
7481.170	-29.510	6.738
7481.250	-15.740	4.175
7481.260	-14.060	3.589
7481.300	-5.530	1.904
7481.310	-4.900	1.611
7481.450	16.690	-2.111
7481.460	18.130	-2.404
7481.470	18.620	-2.623
7481.690	50.680	-8.789
7481.710	51.790	-9.448
7481.730	55.590	-9.814
7481.780	59.270	-10.913
7481.820	63.890	-11.646
7481.830	64.790	-11.572
7481.880	69.310	-12.451
7481.960	75.720	-14.282
7481.990	79.440	-14.502
7482.000	80.520	-14.795
7482.020	80.100	-15.015
7482.030	82.490	-15.308
7482.040	82.740	-15.308
7482.050	82.630	-15.674
7482.200	91.520	-16.979
7482.220	92.010	-17.337
7482.330	94.840	-18.078
7482.380	96.940	-18.337
7482.400	96.830	-18.337
7482.480	95.130	-18.669
7482.490	95.670	-18.376
7482.510	94.010	-18.595
7482.550	91.880	-18.237
7482.690	87.740	-17.065
7482.790	78.490	-15.827
7482.840	75.110	-14.871
7482.870	71.350	-14.358
7482.960	61.080	-12.516
7483.120	39.510	-8.216
7483.130	38.000	-8.436
7483.220	23.640	-5.950
7483.310	6.930	-2.338
7483.330	3.100	-1.565
7483.400	-10.320	0.696
7483.660	-58.410	10.067
7484.000	-115.680	21.606
7484.090	-129.030	23.877
7484.100	-129.670	24.023
7484.360	-168.510	31.101
7484.380	-170.800	31.541
7484.400	-174.120	32.346
7484.530	-192.110	36.021
7484.550	-193.650	36.534
7484.560	-193.420	36.534
7484.650	-203.200	38.495
7484.690	-207.190	39.008
7484.710	-209.170	39.520
7484.720	-210.990	40.080
7484.750	-212.450	40.137
7484.770	-214.110	40.885
7484.870	-218.170	41.568
7484.940	-222.030	43.001
7484.960	-220.610	42.854
7485.010	-220.020	43.147
7485.030	-219.030	42.374
7485.080	-215.340	42.187
7485.120	-213.200	41.895
7485.320	-191.260	37.720
7485.490	-161.880	32.469
7485.720	-110.100	22.925
7485.750	-102.160	21.187
7486.330	32.460	-4.934
7486.480	61.460	-10.387
7486.950	144.350	-27.063
7486.960	144.790	-27.303
7487.130	166.570	-31.714
7487.320	181.410	-34.717
7487.360	181.280	-34.763
7487.380	182.270	-35.203
7487.520	180.760	-34.959
7487.650	173.040	-34.007
7487.740	162.490	-32.227
7488.120	95.110	-19.493
7488.430	16.160	-4.546
7488.530	-15.770	1.392
7489.050	-140.750	25.530
7489.130	-156.670	29.150
7489.230	-177.370	32.559
7489.690	-224.660	43.470
7489.700	-224.830	43.929
7489.730	-224.720	43.783
7489.760	-222.810	43.213
7489.790	-222.450	43.433
7489.810	-222.170	43.359
7489.820	-222.110	43.359
7489.830	-220.900	43.433
7489.870	-219.960	42.700
7489.890	-218.680	42.700
7489.900	-218.950	42.480
7489.920	-216.500	42.261
7489.990	-213.210	41.748
7490.020	-211.930	41.455
7490.080	-207.630	40.283
7490.220	-195.030	37.720
7490.230	-194.230	37.720
7490.410	-177.020	33.984
7490.580	-153.420	30.615
7490.660	-141.060	28.345
7490.720	-131.230	26.504
7490.740	-128.010	25.845
7490.820	-111.710	22.957
7490.980	-78.420	16.539
7491.270	-18.090	4.614
7491.780	64.260	-11.865
7491.790	64.240	-11.938
7491.860	73.720	-13.266
7491.870	72.440	-13.632
7492.190	98.310	-18.339
7492.200	97.230	-18.413
7492.230	95.960	-18.706
7492.240	97.230	-18.799
7492.280	96.190	-18.457
7492.490	87.220	-17.139
7492.560	82.490	-16.553
7492.570	81.180	-16.113
7492.580	79.360	-16.113
7492.850	45.920	-9.962
7492.910	35.940	-8.504
7492.920	34.700	-7.772
7492.970	26.490	-5.640
7492.990	21.560	-5.493
7493.110	-1.610	-1.093
7493.600	-115.090	20.604
7493.770	-160.790	28.821
7494.000	-210.280	39.478
7494.340	-259.880	50.553
7494.350	-260.650	50.058
7494.360	-260.840	50.131
7494.380	-261.740	50.294
7494.430	-265.770	50.840
7494.440	-267.430	50.840
7494.530	-270.970	52.300
7494.560	-271.850	51.942
7494.610	-274.450	53.312
7494.630	-275.300	53.312
7494.710	-277.190	53.101
7494.740	-279.010	53.613
7494.820	-281.620	53.906
7494.840	-281.300	53.354
7494.900	-282.990	53.647
7494.910	-283.130	53.720
7494.930	-283.480	53.866
7494.970	-283.530	54.199
7495.010	-283.710	54.639
7495.060	-284.000	54.639
7495.260	-273.500	53.770
7495.530	-227.500	45.948
7495.800	-161.470	33.489
7495.810	-158.940	32.903
7496.080	-90.490	19.043
7496.310	-40.970	9.049
7496.440	-13.110	4.110
7496.450	-10.610	3.516
7496.800	48.270	-8.708
7496.810	48.830	-8.781
7496.970	71.820	-12.598
7497.270	95.640	-17.878
7497.340	97.580	-18.937
7497.430	101.930	-19.482
7497.440	101.340	-19.482
7497.540	101.290	-19.995
7497.570	101.900	-19.442
7497.600	100.240	-19.735
7497.610	101.590	-19.809
7497.650	98.310	-19.588
7497.660	99.410	-19.588
7497.720	95.490	-19.043
7497.750	94.090	-18.750
7497.940	77.460	-15.527
7497.960	75.180	-15.673
7497.970	73.460	-14.941
7498.000	70.700	-14.131
7498.630	-46.100	8.276
7498.960	-97.660	18.579
7499.000	-102.540	19.263
7499.280	-134.560	25.488
7499.450	-149.520	28.402
7499.480	-153.260	28.988
7499.540	-157.600	29.956
7499.580	-161.400	30.542
7499.640	-163.730	31.055
7499.690	-166.030	32.235
7499.700	-167.820	32.161
7499.710	-168.720	32.015
7499.720	-167.850	32.208
7499.780	-170.410	32.273
7499.860	-173.710	33.350
7499.920	-175.170	33.092
7499.950	-176.070	33.597
7500.000	-176.230	33.963
7500.010	-176.210	33.650
7500.030	-176.550	33.790
7500.050	-176.040	33.741
7500.090	-175.110	33.981
7500.160	-172.870	33.602
7500.290	-164.360	32.233
7500.550	-129.500	26.255
7500.580	-122.640	24.390
7500.590	-120.820	24.390
7501.040	-8.110	3.630
7501.170	21.290	-3.556
7501.180	24.080	-3.996
7501.250	39.050	-6.738
7501.680	122.070	-22.785
7501.790	138.480	-25.528
7501.810	139.530	-26.187
7501.830	143.330	-26.872
7501.880	147.260	-27.851
7501.920	150.330	-28.436
7501.940	153.470	-28.957
7501.960	153.510	-29.128
7502.080	160.970	-30.409
7502.420	165.090	-31.727
7502.480	162.370	-31.755
7502.510	160.810	-31.315
7502.570	156.920	-30.542
7502.600	155.610	-30.029
7502.660	150.800	-29.517
7502.840	134.100	-26.660
7502.860	131.590	-26.074
7502.880	130.040	-25.635
7502.900	127.260	-25.342
7503.010	113.830	-22.487
7503.870	-44.480	7.834
7503.890	-47.400	8.273
7503.900	-49.530	8.802
7503.910	-50.780	8.957
7504.280	-99.720	18.530
7504.410	-111.000	20.782
7504.420	-110.770	20.782
7504.430	-112.200	21.254
7504.450	-115.180	21.473
7504.460	-114.760	21.327
7504.470	-114.460	21.693
7504.530	-118.780	22.721
7504.640	-124.910	23.804
7504.750	-131.210	24.765
