% Time (s)	Gyro Output (degs/s)	Input Rate (rad/s)	%2/2/201811:13 AM
0.000	0.000	0.000
8318.320	-0.030	0.000
8318.340	0.190	0.000
8318.350	0.290	0.000
8318.390	0.060	0.000
8318.500	0.390	0.000
8318.540	-1.610	0.073
8318.570	-6.240	0.366
8318.590	-7.790	0.659
8318.610	-6.460	0.952
8318.640	-5.690	1.416
8319.270	-181.380	33.597
8319.280	-185.490	33.744
8319.490	-199.080	39.926
8319.640	-182.770	35.083
8319.650	-185.350	35.229
8319.660	-189.990	35.669
8319.840	-168.220	34.058
8319.910	-151.570	30.711
8319.970	-133.010	27.698
8320.470	264.350	-49.805
8320.610	279.440	-54.006
8320.630	277.300	-53.860
8320.640	274.060	-53.933
8320.660	270.050	-53.567
8320.720	252.370	-51.045
8320.730	248.750	-50.906
8320.740	245.900	-49.734
8321.010	196.900	-39.511
8321.020	195.990	-39.038
8321.080	182.590	-37.344
8321.090	178.000	-36.611
8321.100	175.100	-36.319
8321.110	170.600	-35.659
8321.820	-259.560	48.899
8321.830	-260.180	49.119
8321.850	-260.060	49.558
8321.940	-242.860	48.633
8322.060	-212.190	42.407
8322.150	-211.350	40.453
8322.200	-201.980	40.592
8322.210	-200.340	40.080
8322.730	188.430	-32.400
8322.800	201.980	-37.793
8322.810	202.410	-38.306
8322.830	204.030	-38.965
8323.300	218.190	-45.106
8323.550	177.170	-36.435
8324.080	-172.550	32.293
8324.180	-192.890	36.482
8324.600	-217.500	43.286
8324.610	-215.980	42.480
8324.700	-203.570	39.611
8325.260	185.730	-31.566
8325.380	225.160	-41.382
8325.610	248.640	-48.267
8325.620	247.000	-48.193
8325.630	245.420	-47.974
8326.050	202.700	-39.917
8326.060	201.630	-39.697
8326.510	-193.590	35.742
8326.620	-215.430	40.757
8326.650	-215.780	41.416
8326.810	-184.710	35.835
8326.840	-189.290	36.242
8326.850	-193.730	36.462
8327.000	-232.990	44.468
8327.010	-231.750	44.835
8327.030	-230.610	44.981
8327.060	-230.520	44.897
8327.080	-228.780	44.604
8327.330	-194.950	39.323
8327.760	170.150	-29.224
8327.970	212.250	-39.464
8327.990	214.880	-40.197
8328.000	215.730	-40.270
8328.050	214.660	-41.528
8328.410	207.090	-41.382
8328.450	210.560	-40.796
8328.600	187.900	-37.354
8328.720	142.870	-30.469
8329.360	-176.320	33.882
8329.400	-184.910	34.670
8329.430	-189.900	35.622
8329.450	-187.980	36.515
8329.470	-187.230	36.515
8329.890	-193.560	37.061
8329.980	-201.400	38.306
8330.820	180.960	-33.491
8330.860	181.280	-34.603
8330.890	177.980	-34.789
8330.910	178.700	-35.009
8330.920	179.870	-34.537
8330.940	180.880	-34.098
8330.950	180.670	-34.537
8330.980	180.240	-34.570
8331.000	181.340	-34.937
8331.420	245.910	-48.340
8332.160	-181.670	33.891
8332.170	-181.920	33.745
8332.190	-181.750	35.177
8332.210	-181.960	35.397
8332.220	-181.830	35.397
8332.230	-181.630	35.543
8332.260	-181.640	35.563
8332.270	-181.980	35.783
8332.310	-185.180	35.483
8332.330	-184.760	35.409
8332.360	-182.940	35.556
8332.420	-181.430	35.376
8332.450	-183.250	35.449
8332.730	-198.720	38.585
8332.750	-195.030	38.439
8332.810	-194.870	37.999
8333.160	-200.370	38.399
8333.580	177.720	-31.849
8333.600	178.990	-32.875
8333.730	211.630	-39.100
8333.760	213.560	-39.784
8333.800	214.420	-40.736
8333.970	199.070	-38.679
8334.030	197.370	-38.599
8334.110	195.830	-38.574
8334.170	198.060	-38.232
8334.180	199.170	-38.672
8334.240	210.480	-40.063
8334.360	208.160	-40.649
8334.370	208.700	-41.016
8334.380	208.930	-40.796
8334.440	204.260	-40.356
8335.020	-195.390	36.350
8335.060	-194.780	37.882
8335.070	-193.350	37.646
8335.090	-190.750	37.500
8335.200	-169.860	34.366
8335.350	-191.910	35.769
8335.370	-196.000	36.574
8335.390	-198.220	37.307
8335.400	-199.530	37.600
8335.430	-202.590	38.900
8335.440	-205.280	39.632
8335.480	-210.100	39.978
8335.510	-210.150	40.752
8335.590	-213.440	41.235
8335.610	-211.510	40.729
8335.630	-208.640	40.583
8335.680	-206.590	39.997
8335.700	-208.790	39.631
8335.730	-209.110	39.990
8335.770	-212.240	40.503
8335.780	-212.680	40.723
8335.880	-213.720	41.401
8336.540	165.300	-30.981
8336.700	193.670	-35.902
8336.720	195.910	-36.561
8336.730	195.770	-36.854
8336.750	194.700	-37.294
8337.240	201.100	-39.128
8337.270	202.620	-39.551
8337.350	232.480	-43.359
8337.360	231.280	-43.652
8338.150	-195.390	38.205
8338.160	-193.670	37.985
8338.190	-190.600	38.192
8338.250	-191.180	37.134
8338.260	-191.350	37.280
8338.280	-193.100	37.500
8338.720	-208.740	39.977
8338.730	-207.720	40.156
8338.740	-207.340	40.229
8338.750	-207.930	40.522
8338.760	-210.070	40.509
8338.800	-208.090	40.229
8339.410	215.880	-40.283
8339.470	215.940	-41.455
8339.490	220.610	-41.422
8339.630	228.460	-44.467
8339.640	228.080	-44.467
8339.690	218.890	-43.637
8340.000	223.090	-42.520
8340.010	222.250	-42.887
8340.030	221.610	-43.326
8340.050	222.260	-43.033
8340.060	224.400	-43.106
8340.110	233.020	-44.337
8340.130	231.190	-44.988
8340.150	229.450	-45.427
8340.250	212.540	-43.286
8340.680	-192.480	34.382
8340.700	-194.100	36.466
8340.710	-193.990	36.539
8341.100	-250.320	46.502
8341.260	-248.160	50.205
8341.370	-214.920	42.920
8341.380	-215.530	42.733
8341.390	-215.550	42.586
8341.520	-206.240	40.283
8341.530	-203.430	40.063
8341.550	-200.030	39.258
8342.000	165.830	-27.113
8342.370	212.190	-41.821
8342.380	208.070	-42.204
8342.580	198.760	-37.793
8342.590	203.220	-38.232
8342.740	228.060	-44.019
8342.770	228.730	-43.885
8342.790	228.620	-44.211
8342.890	247.070	-46.635
8342.910	242.740	-47.221
8343.460	-180.770	35.134
8343.470	-179.000	35.281
8343.600	-176.090	33.545
8343.680	-190.630	35.818
8343.710	-196.780	37.443
8343.720	-196.310	37.443
8344.210	-196.160	39.331
8344.240	-197.700	38.745
8344.420	-169.650	34.218
8344.920	148.330	-26.254
8344.940	152.360	-27.442
8344.950	155.060	-28.248
8344.960	158.570	-28.614
8345.000	168.640	-31.003
8345.010	170.060	-31.589
8345.110	185.910	-34.644
8345.200	182.100	-35.742
8345.280	181.170	-35.010
8345.360	189.000	-36.195
8345.400	193.590	-36.745
8345.430	196.960	-37.558
8345.470	205.230	-38.583
8345.520	208.220	-40.137
8345.590	208.560	-41.323
8345.650	220.060	-41.253
8345.680	231.140	-42.321
8345.700	234.590	-43.652
8345.740	234.040	-45.337
8345.780	218.780	-44.604
8345.800	217.260	-44.181
8345.890	217.320	-42.081
8346.410	-168.510	31.055
8346.480	-167.420	32.593
8346.610	-183.380	35.069
8346.670	-182.030	35.848
8346.750	-186.560	35.836
8346.770	-186.180	36.056
8346.780	-186.500	36.662
8346.820	-188.530	36.548
8346.840	-190.460	36.914
8346.850	-191.970	36.694
8346.920	-200.750	38.098
8347.050	-218.250	41.238
8347.070	-221.470	42.068
8347.390	-175.490	35.083
8347.580	-209.200	38.810
8347.610	-206.320	39.469
8348.000	182.990	-32.943
8348.070	192.890	-36.768
8348.080	193.030	-36.548
8348.100	192.030	-36.621
8348.200	181.760	-35.196
8348.220	181.250	-34.667
8348.340	194.410	-36.456
8348.380	191.120	-36.987
8348.410	189.940	-37.207
8348.440	191.300	-37.061
8348.480	190.650	-36.914
8348.500	187.820	-36.581
8348.600	180.250	-35.718
8348.630	182.500	-35.718
8348.800	233.710	-44.357
8349.510	-197.930	35.170
8349.530	-199.570	37.134
8349.540	-200.170	37.573
8349.610	-207.340	39.771
8349.640	-202.840	40.283
8349.670	-198.170	39.917
8349.690	-199.850	39.404
8349.830	-201.250	39.258
8349.850	-205.600	39.331
8349.900	-204.500	39.762
8349.940	-207.000	40.255
8349.970	-211.380	40.450
8349.980	-213.110	40.817
8350.090	-230.960	43.619
8350.100	-232.910	43.839
8350.120	-236.480	44.425
8350.130	-239.250	44.718
8350.140	-243.630	45.483
8350.150	-246.050	46.069
8350.160	-249.530	46.509
8350.170	-251.940	46.875
8350.200	-253.380	48.047
8350.410	-187.320	38.200
8351.130	202.990	-37.547
8351.230	206.090	-39.624
8351.260	207.480	-39.551
8351.290	208.760	-39.537
8351.340	208.590	-40.058
8351.420	211.280	-40.994
8351.500	209.830	-40.576
8351.610	192.060	-38.258
8351.620	191.320	-37.891
8351.660	190.450	-37.785
8351.680	191.510	-37.207
8351.720	194.000	-37.427
8351.760	197.340	-37.866
8351.790	199.970	-38.379
8351.810	202.870	-38.892
8351.940	214.040	-41.575
8351.960	216.620	-41.575
8351.990	220.840	-42.334
