%Time [ms]	Commanded Torque [mNm]	Angular Velocity [rpm]	Actual Current [Amp]	%2/2/201811:05 AM
0.000	0.000	0.000	0.000
0.000	10.000	29.297	0.015
10.000	10.000	29.297	0.015
20.000	10.000	29.297	0.015
30.000	10.000	29.297	0.015
40.000	10.000	29.297	0.015
50.000	10.000	29.297	0.015
60.000	10.000	29.297	0.015
70.000	10.000	29.297	0.015
80.000	10.000	29.297	0.015
90.000	10.000	25.391	0.007
100.000	10.000	25.391	0.007
110.000	10.000	25.391	0.007
120.000	10.000	25.391	0.007
130.000	10.000	25.391	0.007
140.000	10.000	25.391	0.007
150.000	10.000	25.391	0.007
160.000	10.000	25.391	0.007
170.000	10.000	25.391	0.007
180.000	10.000	25.391	0.007
190.000	10.000	25.391	0.007
200.000	10.000	25.391	0.007
210.000	10.000	25.391	0.007
220.000	10.000	25.391	0.007
230.000	10.000	25.391	0.007
240.000	10.000	25.391	0.007
250.000	10.000	25.391	0.007
260.000	10.000	25.391	0.007
270.000	10.000	25.391	0.007
280.000	10.000	25.391	0.007
290.000	10.000	25.391	0.007
300.000	10.000	25.391	0.007
310.000	10.000	25.391	0.007
320.000	10.000	25.391	0.007
330.000	10.000	25.391	0.007
340.000	10.000	25.391	0.007
350.000	10.000	25.391	0.007
360.000	10.000	25.391	0.007
370.000	10.000	25.391	0.007
380.000	10.000	25.391	0.007
390.000	10.000	25.391	0.007
400.000	10.000	25.391	0.007
410.000	10.000	25.391	0.007
420.000	10.000	25.391	0.007
430.000	10.000	25.391	0.007
440.000	10.000	25.391	0.007
450.000	10.000	25.391	0.007
460.000	10.000	25.391	0.007
470.000	10.000	25.391	0.007
480.000	10.000	9.766	0.005
490.000	10.000	9.766	0.005
500.000	10.000	9.766	0.005
510.000	10.000	1.953	0.006
520.000	10.000	1.953	0.006
530.000	10.000	-1.953	0.012
540.000	10.000	-1.953	0.012
550.000	10.000	-1.953	0.012
560.000	10.000	-1.953	0.012
570.000	10.000	-1.953	0.012
580.000	10.000	-1.953	0.012
590.000	10.000	-1.953	0.012
600.000	10.000	-3.906	0.010
610.000	10.000	-3.906	0.010
620.000	10.000	-3.906	0.010
630.000	10.000	-3.906	0.010
640.000	10.000	-3.906	0.010
650.000	10.000	-3.906	0.010
660.000	10.000	-3.906	0.010
670.000	10.000	-3.906	0.010
680.000	10.000	17.578	0.010
690.000	10.000	17.578	0.010
700.000	10.000	17.578	0.010
710.000	10.000	17.578	0.010
720.000	10.000	17.578	0.010
730.000	10.000	17.578	0.010
740.000	10.000	23.437	0.011
750.000	10.000	-11.719	0.024
760.000	10.000	-11.719	0.024
770.000	10.000	-11.719	0.024
780.000	10.000	-3.906	0.014
790.000	10.000	-3.906	0.014
800.000	10.000	-3.906	0.014
810.000	10.000	-3.906	0.014
820.000	10.000	-3.906	0.014
830.000	10.000	-3.906	0.014
840.000	10.000	-3.906	0.014
850.000	10.000	27.344	0.028
860.000	10.000	27.344	0.028
870.000	10.000	27.344	0.028
880.000	10.000	27.344	0.028
890.000	10.000	27.344	0.028
900.000	10.000	27.344	0.028
910.000	10.000	27.344	0.028
920.000	10.000	27.344	0.028
930.000	10.000	27.344	0.028
940.000	10.000	27.344	0.028
950.000	10.000	27.344	0.028
960.000	10.000	27.344	0.028
970.000	10.000	27.344	0.028
980.000	10.000	27.344	0.028
990.000	10.000	27.344	0.028
1000.000	10.000	-7.812	0.007
1010.000	10.000	-7.812	0.007
1020.000	10.000	31.250	0.013
1030.000	10.000	31.250	0.013
1040.000	10.000	31.250	0.013
1050.000	10.000	31.250	0.013
1060.000	10.000	31.250	0.013
1070.000	10.000	31.250	0.013
1080.000	10.000	31.250	0.013
1090.000	10.000	31.250	0.013
1100.000	10.000	31.250	0.013
1110.000	10.000	11.719	0.313
1120.000	10.000	11.719	0.313
1130.000	10.000	11.719	0.313
1140.000	10.000	11.719	0.313
1150.000	10.000	11.719	0.313
1160.000	10.000	11.719	0.313
1170.000	10.000	11.719	0.313
1180.000	10.000	11.719	0.313
1190.000	10.000	11.719	0.313
1200.000	10.000	11.719	0.313
1210.000	10.000	11.719	0.313
1220.000	10.000	11.719	0.313
1230.000	10.000	11.719	0.313
1240.000	10.000	70.312	0.304
1250.000	10.000	70.312	0.304
1260.000	10.000	70.312	0.304
1270.000	10.000	70.312	0.304
1280.000	10.000	70.312	0.304
1290.000	10.000	70.312	0.304
1300.000	10.000	111.328	0.323
1310.000	10.000	126.953	0.306
1320.000	10.000	126.953	0.306
1330.000	10.000	126.953	0.306
1340.000	10.000	126.953	0.306
1350.000	10.000	126.953	0.306
1360.000	10.000	146.484	0.306
1370.000	10.000	146.484	0.306
1380.000	10.000	169.922	0.334
1390.000	10.000	169.922	0.334
1400.000	10.000	169.922	0.334
1410.000	10.000	169.922	0.334
1420.000	10.000	169.922	0.334
1430.000	10.000	169.922	0.334
1440.000	10.000	169.922	0.334
1450.000	10.000	220.703	0.315
1460.000	10.000	226.562	0.314
1470.000	10.000	226.562	0.314
1480.000	10.000	226.562	0.314
1490.000	10.000	226.562	0.314
1500.000	10.000	226.562	0.314
1510.000	10.000	226.562	0.314
1520.000	10.000	226.562	0.314
1530.000	10.000	226.562	0.314
1540.000	10.000	226.562	0.314
1550.000	10.000	226.562	0.314
1560.000	10.000	226.562	0.314
1570.000	10.000	226.562	0.314
1580.000	10.000	226.562	0.314
1590.000	10.000	226.562	0.314
1600.000	10.000	226.562	0.314
1610.000	10.000	226.562	0.314
1620.000	10.000	226.562	0.314
1630.000	10.000	376.953	0.326
1640.000	10.000	357.422	0.298
1650.000	10.000	357.422	0.298
1660.000	10.000	357.422	0.298
1670.000	10.000	357.422	0.298
1680.000	10.000	357.422	0.298
1690.000	10.000	357.422	0.298
1700.000	10.000	382.812	0.302
1710.000	10.000	382.812	0.302
1720.000	10.000	400.391	0.266
1730.000	10.000	400.391	0.266
1740.000	10.000	412.109	0.384
1750.000	10.000	425.781	0.313
1760.000	10.000	425.781	0.313
1770.000	10.000	425.781	0.313
1780.000	10.000	425.781	0.313
1790.000	10.000	425.781	0.313
1800.000	10.000	466.797	0.355
1810.000	10.000	466.797	0.355
1820.000	10.000	466.797	0.355
1830.000	10.000	498.047	0.302
1840.000	10.000	468.750	0.310
1850.000	10.000	468.750	0.310
1860.000	10.000	468.750	0.310
1870.000	10.000	468.750	0.310
1880.000	10.000	468.750	0.310
1890.000	10.000	468.750	0.310
1900.000	10.000	468.750	0.310
1910.000	10.000	468.750	0.310
1920.000	10.000	546.875	0.357
1930.000	10.000	546.875	0.357
1940.000	10.000	546.875	0.357
1950.000	10.000	546.875	0.357
1960.000	10.000	572.266	0.300
1970.000	10.000	554.687	0.307
1980.000	10.000	554.687	0.307
1990.000	10.000	554.687	0.307
2000.000	10.000	554.687	0.307
2010.000	10.000	554.687	0.307
2020.000	10.000	554.687	0.307
2030.000	10.000	554.687	0.307
2040.000	10.000	554.687	0.307
2050.000	10.000	640.625	0.366
2060.000	10.000	632.812	0.313
2070.000	10.000	621.094	0.269
2080.000	10.000	621.094	0.269
2090.000	10.000	621.094	0.269
2100.000	10.000	621.094	0.269
2110.000	10.000	621.094	0.269
2120.000	10.000	621.094	0.269
2130.000	10.000	621.094	0.269
2140.000	10.000	621.094	0.269
2150.000	10.000	621.094	0.269
2160.000	10.000	621.094	0.269
2170.000	10.000	621.094	0.269
2180.000	10.000	621.094	0.269
2190.000	10.000	621.094	0.269
2200.000	10.000	621.094	0.269
2210.000	10.000	621.094	0.269
2220.000	10.000	621.094	0.269
2230.000	10.000	621.094	0.269
2240.000	10.000	621.094	0.269
2250.000	10.000	621.094	0.269
2260.000	10.000	771.484	0.423
2270.000	10.000	771.484	0.423
2280.000	10.000	771.484	0.423
2290.000	10.000	761.719	0.343
2300.000	10.000	761.719	0.343
2310.000	10.000	765.625	0.243
2320.000	10.000	765.625	0.243
2330.000	10.000	765.625	0.243
2340.000	10.000	798.828	0.327
2350.000	10.000	798.828	0.360
2360.000	10.000	798.828	0.360
2370.000	10.000	798.828	0.360
2380.000	10.000	798.828	0.360
2390.000	10.000	798.828	0.360
2400.000	10.000	798.828	0.360
2410.000	10.000	798.828	0.360
2420.000	10.000	798.828	0.360
2430.000	10.000	798.828	0.360
2440.000	10.000	798.828	0.360
2450.000	10.000	869.141	0.263
2460.000	10.000	869.141	0.263
2470.000	10.000	869.141	0.263
2480.000	10.000	869.141	0.263
2490.000	10.000	869.141	0.263
2500.000	10.000	869.141	0.263
2510.000	10.000	869.141	0.263
2520.000	10.000	869.141	0.263
2530.000	10.000	869.141	0.263
2540.000	10.000	917.969	0.308
2550.000	10.000	917.969	0.308
2560.000	10.000	917.969	0.308
2570.000	10.000	917.969	0.308
2580.000	10.000	917.969	0.308
2590.000	10.000	917.969	0.308
2600.000	10.000	917.969	0.308
2610.000	10.000	917.969	0.308
2620.000	10.000	917.969	0.308
2630.000	10.000	917.969	0.308
2640.000	10.000	917.969	0.308
2650.000	10.000	917.969	0.308
2660.000	10.000	917.969	0.308
2670.000	10.000	917.969	0.308
2680.000	10.000	998.047	0.297
2690.000	10.000	1013.672	0.408
2700.000	10.000	990.234	0.486
2710.000	10.000	990.234	0.486
2720.000	10.000	990.234	0.486
2730.000	10.000	990.234	0.486
2740.000	10.000	990.234	0.486
2750.000	10.000	990.234	0.486
2760.000	10.000	990.234	0.486
2770.000	10.000	990.234	0.486
2780.000	10.000	990.234	0.486
2790.000	10.000	990.234	0.486
2800.000	10.000	990.234	0.486
2810.000	10.000	990.234	0.486
2820.000	10.000	1066.406	0.275
2830.000	10.000	1066.406	0.275
2840.000	10.000	1115.234	0.450
2850.000	10.000	1115.234	0.450
2860.000	10.000	1119.141	0.326
2870.000	10.000	1119.141	0.326
2880.000	10.000	1119.141	0.326
2890.000	10.000	1119.141	0.326
2900.000	10.000	1140.625	0.255
2910.000	10.000	1140.625	0.255
2920.000	10.000	1140.625	0.255
2930.000	10.000	1140.625	0.255
2940.000	10.000	1140.625	0.255
2950.000	10.000	1140.625	0.255
2960.000	10.000	1140.625	0.255
2970.000	10.000	1140.625	0.255
2980.000	10.000	1162.109	0.357
2990.000	10.000	1162.109	0.357
3000.000	10.000	1187.500	0.262
3010.000	10.000	1216.797	0.270
3020.000	10.000	1216.797	0.270
3030.000	10.000	1216.797	0.270
3040.000	10.000	1216.797	0.270
3050.000	10.000	1216.797	0.270
3060.000	10.000	1216.797	0.270
3070.000	10.000	1216.797	0.270
3080.000	10.000	1216.797	0.270
3090.000	10.000	1216.797	0.270
3100.000	10.000	1216.797	0.270
3110.000	10.000	1275.391	0.432
3120.000	10.000	1275.391	0.432
3130.000	10.000	1275.391	0.432
3140.000	10.000	1275.391	0.432
3150.000	10.000	1275.391	0.432
3160.000	10.000	1285.156	0.289
3170.000	10.000	1296.875	0.211
3180.000	10.000	1296.875	0.211
3190.000	10.000	1324.219	0.371
3200.000	10.000	1326.172	0.298
3210.000	10.000	1300.781	0.401
3220.000	10.000	1300.781	0.401
3230.000	10.000	1300.781	0.401
3240.000	10.000	1300.781	0.401
3250.000	10.000	1300.781	0.401
3260.000	10.000	1300.781	0.401
3270.000	10.000	1300.781	0.401
3280.000	10.000	1300.781	0.401
3290.000	10.000	1300.781	0.401
3300.000	10.000	1371.094	0.244
3310.000	10.000	1371.094	0.244
3320.000	10.000	1392.578	0.274
3330.000	10.000	1392.578	0.274
3340.000	10.000	1392.578	0.274
3350.000	10.000	1392.578	0.274
3360.000	10.000	1392.578	0.274
3370.000	10.000	1392.578	0.274
3380.000	10.000	1392.578	0.274
3390.000	10.000	1392.578	0.274
3400.000	10.000	1392.578	0.274
3410.000	10.000	1419.922	0.348
3420.000	10.000	1419.922	0.348
3430.000	10.000	1423.828	0.322
3440.000	10.000	1431.641	0.291
3450.000	10.000	1460.937	0.292
3460.000	10.000	1460.937	0.292
3470.000	10.000	1460.937	0.292
3480.000	10.000	1484.375	0.252
3490.000	10.000	1484.375	0.252
3500.000	10.000	1503.906	0.282
3510.000	10.000	1503.906	0.282
3520.000	10.000	1490.234	0.266
3530.000	10.000	1509.766	0.283
3540.000	10.000	1509.766	0.283
3550.000	10.000	1509.766	0.283
3560.000	10.000	1509.766	0.283
3570.000	10.000	1509.766	0.283
3580.000	10.000	1509.766	0.283
3590.000	10.000	1509.766	0.283
3600.000	10.000	1509.766	0.283
3610.000	10.000	1509.766	0.283
3620.000	10.000	1509.766	0.283
3630.000	10.000	1552.734	0.248
3640.000	10.000	1539.062	0.332
3650.000	10.000	1539.062	0.332
3660.000	10.000	1587.891	0.360
3670.000	10.000	1587.891	0.360
3680.000	10.000	1587.891	0.360
3690.000	10.000	1587.891	0.360
3700.000	10.000	1556.641	0.358
3710.000	10.000	1556.641	0.358
3720.000	10.000	1560.547	0.260
3730.000	10.000	1560.547	0.260
3740.000	10.000	1560.547	0.260
3750.000	10.000	1560.547	0.260
3760.000	10.000	1607.422	0.275
3770.000	10.000	1607.422	0.275
3780.000	10.000	1607.422	0.275
3790.000	10.000	1626.953	0.391
3800.000	10.000	1626.953	0.391
3810.000	10.000	1626.953	0.391
3820.000	10.000	1626.953	0.391
3830.000	10.000	1626.953	0.391
3840.000	10.000	1654.297	0.413
3850.000	10.000	1654.297	0.413
3860.000	10.000	1654.297	0.413
3870.000	10.000	1654.297	0.413
3880.000	10.000	1654.297	0.413
3890.000	10.000	1654.297	0.413
3900.000	10.000	1681.641	0.461
3910.000	10.000	1681.641	0.461
3920.000	10.000	1681.641	0.461
3930.000	10.000	1681.641	0.461
3940.000	10.000	1681.641	0.461
3950.000	10.000	1681.641	0.461
3960.000	10.000	1681.641	0.461
3970.000	10.000	1681.641	0.461
3980.000	10.000	1681.641	0.461
3990.000	10.000	1681.641	0.461
4000.000	10.000	1681.641	0.461
4010.000	10.000	1681.641	0.461
4020.000	10.000	1681.641	0.461
4030.000	10.000	1681.641	0.461
4040.000	10.000	1681.641	0.461
4050.000	10.000	1681.641	0.461
4060.000	10.000	1681.641	0.461
4070.000	10.000	1681.641	0.461
4080.000	10.000	1681.641	0.461
4090.000	10.000	1681.641	0.461
4100.000	10.000	1681.641	0.461
4110.000	10.000	1681.641	0.461
4120.000	10.000	1681.641	0.461
4130.000	10.000	1681.641	0.461
4140.000	10.000	1681.641	0.461
4150.000	10.000	1681.641	0.461
4160.000	10.000	1681.641	0.461
4170.000	10.000	1681.641	0.461
4180.000	10.000	1681.641	0.461
4190.000	10.000	1681.641	0.461
4200.000	10.000	1681.641	0.461
4210.000	10.000	1681.641	0.461
4220.000	10.000	1681.641	0.461
4230.000	10.000	1681.641	0.461
4240.000	10.000	1890.625	0.239
4250.000	10.000	1861.328	0.278
4260.000	10.000	1861.328	0.278
4270.000	10.000	1861.328	0.278
4280.000	10.000	1861.328	0.278
4290.000	10.000	1861.328	0.278
4300.000	10.000	1861.328	0.278
4310.000	10.000	1861.328	0.278
4320.000	10.000	1861.328	0.278
4330.000	10.000	1861.328	0.278
4340.000	10.000	1861.328	0.278
4350.000	10.000	1861.328	0.278
4360.000	10.000	1861.328	0.278
4370.000	10.000	1861.328	0.278
4380.000	10.000	1861.328	0.278
4390.000	10.000	1861.328	0.278
4400.000	10.000	1861.328	0.278
4410.000	10.000	1861.328	0.278
4420.000	10.000	1980.469	0.176
4430.000	10.000	1980.469	0.176
4440.000	10.000	1980.469	0.176
4450.000	10.000	1980.469	0.176
4460.000	10.000	1980.469	0.176
4470.000	10.000	1980.469	0.176
4480.000	10.000	1980.469	0.176
4490.000	10.000	1980.469	0.176
4500.000	10.000	1980.469	0.176
4510.000	10.000	2000.000	0.390
4520.000	10.000	2000.000	0.390
4530.000	10.000	2000.000	0.390
4540.000	10.000	1994.141	0.274
4550.000	10.000	2025.391	0.265
4560.000	10.000	2011.719	0.247
4570.000	10.000	2011.719	0.247
4580.000	10.000	2011.719	0.247
4590.000	10.000	2046.875	0.324
4600.000	10.000	2046.875	0.324
4610.000	10.000	2046.875	0.324
4620.000	10.000	2070.312	0.242
4630.000	10.000	2070.312	0.242
4640.000	10.000	2085.937	0.407
4650.000	10.000	2085.937	0.407
4660.000	10.000	2085.937	0.407
4670.000	10.000	2085.937	0.407
4680.000	10.000	2099.609	0.376
4690.000	10.000	2117.187	0.262
4700.000	10.000	2117.187	0.262
4710.000	10.000	2117.187	0.262
4720.000	10.000	2117.187	0.262
4730.000	10.000	2117.187	0.262
4740.000	10.000	2119.141	0.368
4750.000	10.000	2119.141	0.368
4760.000	10.000	2119.141	0.368
4770.000	10.000	2119.141	0.368
4780.000	10.000	2119.141	0.368
4790.000	10.000	2119.141	0.368
4800.000	10.000	2146.484	0.423
4810.000	10.000	2146.484	0.423
4820.000	10.000	2146.484	0.423
4830.000	10.000	2146.484	0.423
4840.000	10.000	2146.484	0.423
4850.000	10.000	2146.484	0.423
4860.000	10.000	2146.484	0.423
4870.000	10.000	2191.406	0.276
4880.000	10.000	2185.547	0.293
4890.000	10.000	2185.547	0.293
4900.000	10.000	2185.547	0.293
4910.000	10.000	2185.547	0.293
4920.000	10.000	2208.984	0.310
4930.000	10.000	2208.984	0.310
4940.000	10.000	2208.984	0.310
4950.000	10.000	2208.984	0.310
4960.000	10.000	2208.984	0.310
4970.000	10.000	2208.984	0.310
4980.000	10.000	2208.984	0.310
4990.000	10.000	2208.984	0.310
5000.000	10.000	2208.984	0.310
5010.000	10.000	2255.859	0.264
5020.000	10.000	2271.484	0.239
5030.000	10.000	2271.484	0.239
5040.000	10.000	2271.484	0.239
5050.000	10.000	2271.484	0.269
5060.000	10.000	2271.484	0.269
5070.000	10.000	2271.484	0.269
5080.000	10.000	2271.484	0.269
5090.000	10.000	2298.828	0.269
5100.000	10.000	2279.297	0.240
5110.000	10.000	2300.781	0.287
5120.000	10.000	2300.781	0.287
5130.000	10.000	2300.781	0.287
5140.000	10.000	2300.781	0.287
5150.000	10.000	2300.781	0.287
5160.000	10.000	2330.078	0.242
5170.000	10.000	2330.078	0.242
5180.000	10.000	2330.078	0.242
5190.000	10.000	2330.078	0.242
5200.000	10.000	2330.078	0.242
5210.000	10.000	2330.078	0.242
5220.000	10.000	2330.078	0.242
5230.000	10.000	2343.750	0.250
5240.000	10.000	2343.750	0.250
5250.000	10.000	2343.750	0.250
5260.000	10.000	2343.750	0.250
5270.000	10.000	2343.750	0.250
5280.000	10.000	2343.750	0.250
5290.000	10.000	2343.750	0.250
5300.000	10.000	2343.750	0.250
5310.000	10.000	2404.297	0.315
5320.000	10.000	2404.297	0.315
5330.000	10.000	2404.297	0.315
5340.000	10.000	2404.297	0.315
5350.000	10.000	2429.687	0.487
5360.000	10.000	2429.687	0.487
5370.000	10.000	2429.687	0.487
5380.000	10.000	2429.687	0.487
5390.000	10.000	2441.406	0.288
5400.000	10.000	2441.406	0.288
5410.000	10.000	2441.406	0.288
5420.000	10.000	2447.266	0.462
5430.000	10.000	2447.266	0.462
5440.000	10.000	2447.266	0.462
5450.000	10.000	2447.266	0.462
5460.000	10.000	2447.266	0.462
5470.000	10.000	2447.266	0.462
5480.000	10.000	2447.266	0.462
5490.000	10.000	2447.266	0.462
5500.000	10.000	2447.266	0.462
5510.000	10.000	2447.266	0.462
5520.000	10.000	2447.266	0.462
5530.000	10.000	2498.047	0.356
5540.000	10.000	2498.047	0.356
5550.000	10.000	2519.531	0.209
5560.000	10.000	2519.531	0.209
5570.000	10.000	2507.812	0.419
5580.000	10.000	2507.812	0.419
5590.000	10.000	2507.812	0.419
5600.000	10.000	2507.812	0.419
5610.000	10.000	2507.812	0.419
5620.000	10.000	2507.812	0.419
5630.000	10.000	2507.812	0.419
5640.000	10.000	2507.812	0.419
5650.000	10.000	2507.812	0.419
5660.000	10.000	2507.812	0.419
5670.000	10.000	2507.812	0.419
5680.000	10.000	2507.812	0.419
5690.000	10.000	2566.406	0.279
5700.000	10.000	2566.406	0.279
5710.000	10.000	2564.453	0.238
5720.000	10.000	2603.516	0.391
5730.000	10.000	2603.516	0.391
5740.000	10.000	2603.516	0.391
5750.000	10.000	2603.516	0.391
5760.000	10.000	2603.516	0.391
5770.000	10.000	2601.562	0.445
5780.000	10.000	2601.562	0.445
5790.000	10.000	2628.906	0.220
5800.000	10.000	2630.859	0.209
5810.000	10.000	2630.859	0.209
5820.000	10.000	2630.859	0.209
5830.000	10.000	2630.859	0.209
5840.000	10.000	2630.859	0.209
5850.000	10.000	2630.859	0.209
5860.000	10.000	2630.859	0.209
5870.000	10.000	2630.859	0.209
5880.000	10.000	2630.859	0.209
5890.000	10.000	2630.859	0.209
5900.000	10.000	2630.859	0.209
5910.000	10.000	2630.859	0.209
5920.000	10.000	2630.859	0.209
5930.000	10.000	2630.859	0.209
5940.000	10.000	2630.859	0.209
5950.000	10.000	2630.859	0.209
5960.000	10.000	2630.859	0.209
5970.000	10.000	2714.844	0.264
5980.000	10.000	2701.172	0.111
5990.000	10.000	2701.172	0.111
6000.000	10.000	2701.172	0.111
6010.000	10.000	2701.172	0.111
6020.000	10.000	2701.172	0.111
6030.000	10.000	2701.172	0.111
6040.000	10.000	2722.656	0.151
6050.000	10.000	2722.656	0.151
6060.000	10.000	2738.281	0.320
6070.000	10.000	2734.375	0.046
6080.000	10.000	2734.375	0.134
6090.000	10.000	2734.375	0.134
6100.000	10.000	2751.953	0.070
6110.000	10.000	2751.953	0.070
6120.000	10.000	2753.906	-0.004
6130.000	10.000	2744.141	-0.091
6140.000	10.000	2744.141	-0.091
6150.000	10.000	2753.906	-0.044
6160.000	10.000	2753.906	-0.044
6170.000	10.000	2753.906	-0.044
6180.000	10.000	2753.906	-0.044
6190.000	10.000	2753.906	-0.044
6200.000	10.000	2753.906	-0.044
6210.000	10.000	2753.906	-0.044
6220.000	10.000	2726.562	-0.013
6230.000	10.000	2726.562	-0.013
6240.000	10.000	2701.172	0.141
6250.000	10.000	2701.172	0.141
6260.000	10.000	2695.312	0.081
6270.000	10.000	2689.453	0.038
6280.000	10.000	2689.453	0.038
6290.000	10.000	2689.453	0.038
6300.000	10.000	2628.906	0.027
6310.000	10.000	2636.719	-0.091
6320.000	10.000	2679.687	0.018
6330.000	10.000	2679.687	0.018
6340.000	10.000	2679.687	0.018
6350.000	10.000	2679.687	0.018
6360.000	10.000	2650.391	-0.040
6370.000	10.000	2650.391	-0.040
6380.000	10.000	2650.391	-0.040
6390.000	10.000	2650.391	-0.040
6400.000	10.000	2623.047	-0.025
6410.000	10.000	2623.047	-0.025
6420.000	10.000	2623.047	-0.025
6430.000	10.000	2623.047	-0.025
6440.000	10.000	2623.047	-0.025
6450.000	10.000	2623.047	-0.025
6460.000	10.000	2625.000	-0.058
6470.000	10.000	2609.375	0.019
6480.000	10.000	2609.375	0.019
6490.000	10.000	2595.703	-0.020
6500.000	10.000	2595.703	-0.020
6510.000	10.000	2595.703	-0.020
6520.000	10.000	2595.703	-0.020
6530.000	10.000	2572.266	0.108
6540.000	10.000	2572.266	0.108
6550.000	10.000	2572.266	0.108
6560.000	10.000	2572.266	0.108
6570.000	10.000	2572.266	0.108
6580.000	10.000	2572.266	0.108
6590.000	10.000	2572.266	0.108
6600.000	10.000	2550.781	-0.053
6610.000	10.000	2550.781	0.112
6620.000	10.000	2550.781	0.112
6630.000	10.000	2550.781	0.112
6640.000	10.000	2550.781	0.112
6650.000	10.000	2550.781	0.112
6660.000	10.000	2550.781	0.112
6670.000	10.000	2550.781	0.112
6680.000	10.000	2550.781	0.112
6690.000	10.000	2550.781	0.112
6700.000	10.000	2550.781	0.112
6710.000	10.000	2550.781	0.112
6720.000	10.000	2550.781	0.112
6730.000	10.000	2550.781	0.112
6740.000	10.000	2550.781	0.112
6750.000	10.000	2550.781	0.112
6760.000	10.000	2550.781	0.112
6770.000	10.000	2550.781	0.112
6780.000	10.000	2550.781	0.112
6790.000	10.000	2550.781	0.112
6800.000	10.000	2550.781	0.112
6810.000	10.000	2462.891	-0.027
6820.000	10.000	2462.891	-0.027
6830.000	10.000	2462.891	-0.027
6840.000	10.000	2462.891	-0.027
6850.000	10.000	2462.891	-0.027
6860.000	10.000	2462.891	-0.027
6870.000	10.000	2462.891	-0.027
6880.000	10.000	2462.891	-0.027
6890.000	10.000	2462.891	-0.027
6900.000	10.000	2462.891	-0.027
6910.000	10.000	2462.891	-0.027
6920.000	10.000	2462.891	-0.027
6930.000	10.000	2462.891	-0.027
6940.000	10.000	2412.109	0.141
6950.000	10.000	2412.109	0.141
6960.000	10.000	2412.109	0.141
6970.000	10.000	2412.109	0.141
6980.000	10.000	2412.109	0.141
6990.000	10.000	2412.109	0.141
7000.000	10.000	2412.109	0.141
7010.000	10.000	2412.109	0.141
