%Time [ms]	Commanded Torque [mNm]	Angular Velocity [rpm]	Actual Current [Amp]	%2/2/201811:04 AM
0.000	0.000	0.000	0.000
0.000	10.000	17.578	0.012
10.000	10.000	17.578	0.012
20.000	10.000	17.578	0.012
30.000	10.000	0.000	0.018
40.000	10.000	0.000	0.018
50.000	10.000	9.766	0.004
60.000	10.000	9.766	0.004
70.000	10.000	9.766	0.004
80.000	10.000	11.719	0.005
90.000	10.000	11.719	0.005
100.000	10.000	11.719	0.005
110.000	10.000	23.437	0.013
120.000	10.000	0.000	0.028
130.000	10.000	29.297	0.009
140.000	10.000	29.297	0.009
150.000	10.000	29.297	0.009
160.000	10.000	29.297	0.009
170.000	10.000	29.297	0.009
180.000	10.000	29.297	0.009
190.000	10.000	29.297	0.009
200.000	10.000	15.625	0.005
210.000	10.000	23.437	0.017
220.000	10.000	23.437	0.017
230.000	10.000	23.437	0.017
240.000	10.000	23.437	0.017
250.000	10.000	23.437	0.017
260.000	10.000	23.437	0.017
270.000	10.000	23.437	0.017
280.000	10.000	23.437	0.017
290.000	10.000	23.437	0.017
300.000	10.000	23.437	0.017
310.000	10.000	23.437	0.017
320.000	10.000	23.437	0.017
330.000	10.000	23.437	0.017
340.000	10.000	23.437	0.017
350.000	10.000	23.437	0.017
360.000	10.000	23.437	0.017
370.000	10.000	23.437	0.017
380.000	10.000	23.437	0.017
390.000	10.000	23.437	0.017
400.000	10.000	23.437	0.017
410.000	10.000	23.437	0.017
420.000	10.000	23.437	0.017
430.000	10.000	5.859	0.007
440.000	10.000	5.859	0.007
450.000	10.000	5.859	0.007
460.000	10.000	21.484	0.017
470.000	10.000	21.484	0.017
480.000	10.000	21.484	0.017
490.000	10.000	21.484	0.017
500.000	10.000	21.484	0.017
510.000	10.000	21.484	0.017
520.000	10.000	21.484	0.017
530.000	10.000	21.484	0.017
540.000	10.000	21.484	0.017
550.000	10.000	21.484	0.017
560.000	10.000	21.484	0.017
570.000	10.000	5.859	0.011
580.000	10.000	-1.953	0.024
590.000	10.000	-1.953	0.024
600.000	10.000	-23.437	-0.007
610.000	10.000	-23.437	-0.007
620.000	10.000	11.719	0.026
630.000	10.000	11.719	0.026
640.000	10.000	11.719	0.026
650.000	10.000	1.953	0.027
660.000	10.000	1.953	0.027
670.000	10.000	11.719	0.019
680.000	10.000	11.719	0.019
690.000	10.000	11.719	0.019
700.000	10.000	11.719	0.019
710.000	10.000	11.719	0.019
720.000	10.000	11.719	0.019
730.000	10.000	11.719	0.019
740.000	10.000	11.719	0.019
750.000	10.000	11.719	0.019
760.000	10.000	11.719	0.019
770.000	10.000	11.719	0.019
780.000	10.000	11.719	0.019
790.000	10.000	11.719	0.019
800.000	10.000	11.719	0.019
810.000	10.000	11.719	0.019
820.000	10.000	11.719	0.019
830.000	10.000	11.719	0.019
840.000	10.000	-11.719	-0.011
850.000	10.000	-11.719	-0.011
860.000	10.000	-11.719	-0.011
870.000	10.000	27.344	0.016
880.000	10.000	27.344	0.016
890.000	10.000	25.391	0.002
900.000	10.000	25.391	0.002
910.000	10.000	25.391	0.002
920.000	10.000	25.391	0.002
930.000	10.000	25.391	0.002
940.000	10.000	13.672	-0.002
950.000	10.000	-5.859	0.002
960.000	10.000	19.531	0.015
970.000	10.000	23.437	0.019
980.000	10.000	23.437	0.019
990.000	10.000	23.437	0.019
1000.000	10.000	23.437	0.019
1010.000	10.000	23.437	0.019
1020.000	10.000	23.437	0.019
1030.000	10.000	23.437	0.019
1040.000	10.000	23.437	0.019
1050.000	10.000	23.437	0.019
1060.000	10.000	23.437	0.019
1070.000	10.000	23.437	0.019
1080.000	10.000	17.578	0.012
1090.000	10.000	17.578	0.012
1100.000	10.000	23.437	0.300
1110.000	10.000	23.437	0.300
1120.000	10.000	23.437	0.300
1130.000	10.000	23.437	0.300
1140.000	10.000	0.000	0.310
1150.000	10.000	0.000	0.310
1160.000	10.000	0.000	0.310
1170.000	10.000	0.000	0.310
1180.000	10.000	0.000	0.310
1190.000	10.000	56.641	0.322
1200.000	10.000	56.641	0.322
1210.000	10.000	56.641	0.322
1220.000	10.000	56.641	0.322
1230.000	10.000	56.641	0.322
1240.000	10.000	56.641	0.322
1250.000	10.000	56.641	0.322
1260.000	10.000	56.641	0.322
1270.000	10.000	56.641	0.322
1280.000	10.000	56.641	0.322
1290.000	10.000	56.641	0.322
1300.000	10.000	56.641	0.322
1310.000	10.000	56.641	0.322
1320.000	10.000	142.578	0.307
1330.000	10.000	166.016	0.331
1340.000	10.000	166.016	0.331
1350.000	10.000	166.016	0.331
1360.000	10.000	195.312	0.318
1370.000	10.000	195.312	0.318
1380.000	10.000	195.312	0.318
1390.000	10.000	195.312	0.318
1400.000	10.000	195.312	0.318
1410.000	10.000	236.328	0.315
1420.000	10.000	236.328	0.315
1430.000	10.000	224.609	0.242
1440.000	10.000	224.609	0.242
1450.000	10.000	224.609	0.242
1460.000	10.000	236.328	0.339
1470.000	10.000	238.281	0.333
1480.000	10.000	255.859	0.325
1490.000	10.000	255.859	0.325
1500.000	10.000	255.859	0.325
1510.000	10.000	255.859	0.325
1520.000	10.000	255.859	0.325
1530.000	10.000	287.109	0.321
1540.000	10.000	287.109	0.321
1550.000	10.000	287.109	0.321
1560.000	10.000	287.109	0.321
1570.000	10.000	287.109	0.321
1580.000	10.000	287.109	0.321
1590.000	10.000	287.109	0.321
1600.000	10.000	287.109	0.321
1610.000	10.000	287.109	0.321
1620.000	10.000	287.109	0.321
1630.000	10.000	287.109	0.321
1640.000	10.000	287.109	0.321
1650.000	10.000	287.109	0.321
1660.000	10.000	371.094	0.223
1670.000	10.000	371.094	0.223
1680.000	10.000	384.766	0.297
1690.000	10.000	384.766	0.297
1700.000	10.000	384.766	0.297
1710.000	10.000	384.766	0.297
1720.000	10.000	384.766	0.297
1730.000	10.000	384.766	0.297
1740.000	10.000	384.766	0.297
1750.000	10.000	451.172	0.313
1760.000	10.000	451.172	0.313
1770.000	10.000	451.172	0.313
1780.000	10.000	451.172	0.313
1790.000	10.000	451.172	0.313
1800.000	10.000	451.172	0.313
1810.000	10.000	451.172	0.313
1820.000	10.000	451.172	0.313
1830.000	10.000	451.172	0.313
1840.000	10.000	451.172	0.313
1850.000	10.000	517.578	0.304
1860.000	10.000	517.578	0.304
1870.000	10.000	517.578	0.304
1880.000	10.000	517.578	0.304
1890.000	10.000	517.578	0.304
1900.000	10.000	517.578	0.304
1910.000	10.000	517.578	0.304
1920.000	10.000	517.578	0.304
1930.000	10.000	517.578	0.304
1940.000	10.000	517.578	0.304
1950.000	10.000	587.891	0.286
1960.000	10.000	587.891	0.286
1970.000	10.000	587.891	0.286
1980.000	10.000	587.891	0.286
1990.000	10.000	587.891	0.286
2000.000	10.000	587.891	0.286
2010.000	10.000	607.422	0.356
2020.000	10.000	607.422	0.356
2030.000	10.000	619.141	0.255
2040.000	10.000	619.141	0.255
2050.000	10.000	619.141	0.255
2060.000	10.000	619.141	0.255
2070.000	10.000	619.141	0.255
2080.000	10.000	619.141	0.255
2090.000	10.000	619.141	0.255
2100.000	10.000	619.141	0.255
2110.000	10.000	619.141	0.255
2120.000	10.000	619.141	0.255
2130.000	10.000	619.141	0.255
2140.000	10.000	619.141	0.255
2150.000	10.000	619.141	0.255
2160.000	10.000	619.141	0.255
2170.000	10.000	619.141	0.255
2180.000	10.000	619.141	0.255
2190.000	10.000	619.141	0.255
2200.000	10.000	619.141	0.255
2210.000	10.000	619.141	0.255
2220.000	10.000	619.141	0.255
2230.000	10.000	619.141	0.255
2240.000	10.000	759.766	0.363
2250.000	10.000	759.766	0.363
2260.000	10.000	771.484	0.314
2270.000	10.000	771.484	0.314
2280.000	10.000	789.062	0.312
2290.000	10.000	789.062	0.312
2300.000	10.000	791.016	0.288
2310.000	10.000	791.016	0.288
2320.000	10.000	791.016	0.288
2330.000	10.000	806.641	0.288
2340.000	10.000	806.641	0.288
2350.000	10.000	828.125	0.257
2360.000	10.000	822.266	0.290
2370.000	10.000	822.266	0.290
2380.000	10.000	822.266	0.290
2390.000	10.000	822.266	0.290
2400.000	10.000	822.266	0.290
2410.000	10.000	822.266	0.290
2420.000	10.000	869.141	0.285
2430.000	10.000	869.141	0.285
2440.000	10.000	869.141	0.285
2450.000	10.000	869.141	0.285
2460.000	10.000	869.141	0.285
2470.000	10.000	869.141	0.285
2480.000	10.000	869.141	0.285
2490.000	10.000	869.141	0.285
2500.000	10.000	869.141	0.285
2510.000	10.000	917.969	0.295
2520.000	10.000	917.969	0.295
2530.000	10.000	917.969	0.295
2540.000	10.000	917.969	0.295
2550.000	10.000	927.734	0.349
2560.000	10.000	927.734	0.349
2570.000	10.000	927.734	0.349
2580.000	10.000	947.266	0.167
2590.000	10.000	947.266	0.167
2600.000	10.000	947.266	0.167
2610.000	10.000	947.266	0.167
2620.000	10.000	947.266	0.167
2630.000	10.000	947.266	0.167
2640.000	10.000	947.266	0.167
2650.000	10.000	947.266	0.167
2660.000	10.000	1009.766	0.341
2670.000	10.000	1009.766	0.341
2680.000	10.000	1009.766	0.341
2690.000	10.000	1003.906	0.273
2700.000	10.000	1003.906	0.273
2710.000	10.000	1003.906	0.273
2720.000	10.000	1003.906	0.273
2730.000	10.000	1003.906	0.273
2740.000	10.000	1054.687	0.286
2750.000	10.000	1054.687	0.286
2760.000	10.000	1054.687	0.286
2770.000	10.000	1054.687	0.286
2780.000	10.000	1054.687	0.286
2790.000	10.000	1054.687	0.286
2800.000	10.000	1054.687	0.286
2810.000	10.000	1091.797	0.450
2820.000	10.000	1101.562	0.310
2830.000	10.000	1101.562	0.310
2840.000	10.000	1138.672	0.288
2850.000	10.000	1138.672	0.288
2860.000	10.000	1138.672	0.288
2870.000	10.000	1142.578	0.293
2880.000	10.000	1130.859	0.319
2890.000	10.000	1130.859	0.319
2900.000	10.000	1130.859	0.319
2910.000	10.000	1130.859	0.319
2920.000	10.000	1208.984	0.270
2930.000	10.000	1166.016	0.403
2940.000	10.000	1166.016	0.403
2950.000	10.000	1166.016	0.403
2960.000	10.000	1166.016	0.403
2970.000	10.000	1166.016	0.403
2980.000	10.000	1166.016	0.403
2990.000	10.000	1238.281	0.318
3000.000	10.000	1238.281	0.318
3010.000	10.000	1238.281	0.318
3020.000	10.000	1238.281	0.318
3030.000	10.000	1238.281	0.318
3040.000	10.000	1238.281	0.318
3050.000	10.000	1238.281	0.318
3060.000	10.000	1275.391	0.253
3070.000	10.000	1275.391	0.253
3080.000	10.000	1275.391	0.253
3090.000	10.000	1275.391	0.253
3100.000	10.000	1275.391	0.253
3110.000	10.000	1275.391	0.253
3120.000	10.000	1275.391	0.253
3130.000	10.000	1302.734	0.281
3140.000	10.000	1302.734	0.281
3150.000	10.000	1302.734	0.281
3160.000	10.000	1302.734	0.281
3170.000	10.000	1302.734	0.281
3180.000	10.000	1302.734	0.281
3190.000	10.000	1302.734	0.281
3200.000	10.000	1302.734	0.281
3210.000	10.000	1302.734	0.281
3220.000	10.000	1302.734	0.281
3230.000	10.000	1302.734	0.281
3240.000	10.000	1302.734	0.281
3250.000	10.000	1302.734	0.281
3260.000	10.000	1302.734	0.281
3270.000	10.000	1302.734	0.281
3280.000	10.000	1302.734	0.281
3290.000	10.000	1302.734	0.281
3300.000	10.000	1302.734	0.281
3310.000	10.000	1302.734	0.281
3320.000	10.000	1302.734	0.281
3330.000	10.000	1302.734	0.281
3340.000	10.000	1433.594	0.319
3350.000	10.000	1433.594	0.319
3360.000	10.000	1433.594	0.319
3370.000	10.000	1447.266	0.296
3380.000	10.000	1406.250	0.415
3390.000	10.000	1406.250	0.415
3400.000	10.000	1406.250	0.415
3410.000	10.000	1447.266	0.269
3420.000	10.000	1466.797	0.352
3430.000	10.000	1466.797	0.352
3440.000	10.000	1466.797	0.352
3450.000	10.000	1466.797	0.352
3460.000	10.000	1500.000	0.210
3470.000	10.000	1474.609	0.321
3480.000	10.000	1474.609	0.321
3490.000	10.000	1474.609	0.321
3500.000	10.000	1501.953	0.206
3510.000	10.000	1501.953	0.206
3520.000	10.000	1501.953	0.206
3530.000	10.000	1501.953	0.206
3540.000	10.000	1501.953	0.206
3550.000	10.000	1519.531	0.361
3560.000	10.000	1519.531	0.361
3570.000	10.000	1519.531	0.361
3580.000	10.000	1519.531	0.361
3590.000	10.000	1519.531	0.361
3600.000	10.000	1519.531	0.361
3610.000	10.000	1519.531	0.361
3620.000	10.000	1519.531	0.361
3630.000	10.000	1576.172	0.287
3640.000	10.000	1576.172	0.287
3650.000	10.000	1576.172	0.287
3660.000	10.000	1605.469	0.234
3670.000	10.000	1605.469	0.234
3680.000	10.000	1609.375	0.480
3690.000	10.000	1574.219	0.314
3700.000	10.000	1574.219	0.314
3710.000	10.000	1574.219	0.314
3720.000	10.000	1574.219	0.314
3730.000	10.000	1574.219	0.314
3740.000	10.000	1574.219	0.314
3750.000	10.000	1654.297	0.267
3760.000	10.000	1654.297	0.267
3770.000	10.000	1654.297	0.267
3780.000	10.000	1654.297	0.267
3790.000	10.000	1654.297	0.267
3800.000	10.000	1654.297	0.267
3810.000	10.000	1656.250	0.366
3820.000	10.000	1656.250	0.366
3830.000	10.000	1681.641	0.294
3840.000	10.000	1681.641	0.294
3850.000	10.000	1681.641	0.294
3860.000	10.000	1681.641	0.294
3870.000	10.000	1681.641	0.294
3880.000	10.000	1681.641	0.294
3890.000	10.000	1681.641	0.294
3900.000	10.000	1681.641	0.294
3910.000	10.000	1681.641	0.294
3920.000	10.000	1681.641	0.294
3930.000	10.000	1681.641	0.294
3940.000	10.000	1681.641	0.294
3950.000	10.000	1748.047	0.384
3960.000	10.000	1748.047	0.384
3970.000	10.000	1748.047	0.384
3980.000	10.000	1748.047	0.384
3990.000	10.000	1748.047	0.384
4000.000	10.000	1787.109	0.323
4010.000	10.000	1787.109	0.323
4020.000	10.000	1787.109	0.323
4030.000	10.000	1804.687	0.334
4040.000	10.000	1798.828	0.423
4050.000	10.000	1785.156	0.329
4060.000	10.000	1785.156	0.329
4070.000	10.000	1798.828	0.399
4080.000	10.000	1832.031	0.458
4090.000	10.000	1832.031	0.458
4100.000	10.000	1832.031	0.458
4110.000	10.000	1832.031	0.458
4120.000	10.000	1832.031	0.458
4130.000	10.000	1832.031	0.458
4140.000	10.000	1847.656	0.247
4150.000	10.000	1847.656	0.247
4160.000	10.000	1847.656	0.247
4170.000	10.000	1847.656	0.247
4180.000	10.000	1847.656	0.247
4190.000	10.000	1847.656	0.247
4200.000	10.000	1847.656	0.247
4210.000	10.000	1847.656	0.247
4220.000	10.000	1845.703	0.314
4230.000	10.000	1869.141	0.284
4240.000	10.000	1869.141	0.284
4250.000	10.000	1869.141	0.284
4260.000	10.000	1869.141	0.284
4270.000	10.000	1869.141	0.284
4280.000	10.000	1869.141	0.284
4290.000	10.000	1869.141	0.284
4300.000	10.000	1869.141	0.284
4310.000	10.000	1869.141	0.284
4320.000	10.000	1869.141	0.284
4330.000	10.000	1869.141	0.284
4340.000	10.000	1869.141	0.284
4350.000	10.000	1869.141	0.284
4360.000	10.000	1869.141	0.284
4370.000	10.000	1964.844	0.236
4380.000	10.000	1964.844	0.236
4390.000	10.000	1964.844	0.236
4400.000	10.000	1964.844	0.236
4410.000	10.000	1964.844	0.236
4420.000	10.000	1964.844	0.236
4430.000	10.000	1964.844	0.236
4440.000	10.000	1964.844	0.236
4450.000	10.000	1964.844	0.236
4460.000	10.000	1964.844	0.236
4470.000	10.000	1964.844	0.236
4480.000	10.000	1964.844	0.236
4490.000	10.000	1964.844	0.236
4500.000	10.000	1964.844	0.236
4510.000	10.000	1964.844	0.236
4520.000	10.000	1964.844	0.236
4530.000	10.000	1964.844	0.236
4540.000	10.000	1964.844	0.236
4550.000	10.000	1964.844	0.236
4560.000	10.000	1964.844	0.236
4570.000	10.000	1964.844	0.236
4580.000	10.000	1964.844	0.236
4590.000	10.000	1964.844	0.236
4600.000	10.000	1964.844	0.236
4610.000	10.000	1964.844	0.236
4620.000	10.000	1964.844	0.236
4630.000	10.000	1964.844	0.236
4640.000	10.000	1964.844	0.236
4650.000	10.000	1964.844	0.236
4660.000	10.000	2097.656	0.269
4670.000	10.000	2097.656	0.269
4680.000	10.000	2123.047	0.316
4690.000	10.000	2101.562	0.326
4700.000	10.000	2101.562	0.326
4710.000	10.000	2101.562	0.326
4720.000	10.000	2101.562	0.326
4730.000	10.000	2101.562	0.326
4740.000	10.000	2101.562	0.326
4750.000	10.000	2101.562	0.326
4760.000	10.000	2101.562	0.326
4770.000	10.000	2101.562	0.326
4780.000	10.000	2101.562	0.326
4790.000	10.000	2101.562	0.326
4800.000	10.000	2101.562	0.326
4810.000	10.000	2101.562	0.326
4820.000	10.000	2101.562	0.326
4830.000	10.000	2101.562	0.326
4840.000	10.000	2101.562	0.326
4850.000	10.000	2101.562	0.326
4860.000	10.000	2101.562	0.326
4870.000	10.000	2101.562	0.326
4880.000	10.000	2101.562	0.326
4890.000	10.000	2101.562	0.326
4900.000	10.000	2101.562	0.326
4910.000	10.000	2101.562	0.326
4920.000	10.000	2101.562	0.326
4930.000	10.000	2101.562	0.326
4940.000	10.000	2101.562	0.326
4950.000	10.000	2101.562	0.326
4960.000	10.000	2101.562	0.326
4970.000	10.000	2101.562	0.326
4980.000	10.000	2101.562	0.326
4990.000	10.000	2101.562	0.326
5000.000	10.000	2101.562	0.326
5010.000	10.000	2101.562	0.326
5020.000	10.000	2101.562	0.326
5030.000	10.000	2101.562	0.326
5040.000	10.000	2283.203	0.243
5050.000	10.000	2312.500	0.259
5060.000	10.000	2324.219	0.307
5070.000	10.000	2324.219	0.307
5080.000	10.000	2324.219	0.307
5090.000	10.000	2324.219	0.307
5100.000	10.000	2314.453	0.262
5110.000	10.000	2314.453	0.262
5120.000	10.000	2314.453	0.262
5130.000	10.000	2314.453	0.262
5140.000	10.000	2314.453	0.262
5150.000	10.000	2314.453	0.262
5160.000	10.000	2324.219	0.273
5170.000	10.000	2324.219	0.273
5180.000	10.000	2367.187	0.347
5190.000	10.000	2355.469	0.263
5200.000	10.000	2355.469	0.263
5210.000	10.000	2371.094	0.312
5220.000	10.000	2371.094	0.312
5230.000	10.000	2369.141	0.274
5240.000	10.000	2410.156	0.329
5250.000	10.000	2410.156	0.329
5260.000	10.000	2410.156	0.329
5270.000	10.000	2410.156	0.329
5280.000	10.000	2410.156	0.329
5290.000	10.000	2410.156	0.329
5300.000	10.000	2431.641	0.325
5310.000	10.000	2431.641	0.325
5320.000	10.000	2431.641	0.325
5330.000	10.000	2421.875	0.296
5340.000	10.000	2421.875	0.296
5350.000	10.000	2421.875	0.296
5360.000	10.000	2421.875	0.296
5370.000	10.000	2421.875	0.296
5380.000	10.000	2421.875	0.296
5390.000	10.000	2421.875	0.296
5400.000	10.000	2421.875	0.296
5410.000	10.000	2421.875	0.296
5420.000	10.000	2421.875	0.296
5430.000	10.000	2421.875	0.296
5440.000	10.000	2421.875	0.296
5450.000	10.000	2421.875	0.296
5460.000	10.000	2492.187	0.250
5470.000	10.000	2492.187	0.250
5480.000	10.000	2492.187	0.250
5490.000	10.000	2492.187	0.250
5500.000	10.000	2492.187	0.250
5510.000	10.000	2507.812	0.406
5520.000	10.000	2529.297	0.309
5530.000	10.000	2529.297	0.309
5540.000	10.000	2535.156	0.223
5550.000	10.000	2535.156	0.223
5560.000	10.000	2535.156	0.223
5570.000	10.000	2535.156	0.223
5580.000	10.000	2535.156	0.223
5590.000	10.000	2580.078	0.328
5600.000	10.000	2580.078	0.328
5610.000	10.000	2544.922	0.284
5620.000	10.000	2544.922	0.284
5630.000	10.000	2544.922	0.284
5640.000	10.000	2544.922	0.284
5650.000	10.000	2544.922	0.284
5660.000	10.000	2544.922	0.284
5670.000	10.000	2583.984	0.282
5680.000	10.000	2583.984	0.282
5690.000	10.000	2583.984	0.282
5700.000	10.000	2583.984	0.282
5710.000	10.000	2583.984	0.282
5720.000	10.000	2583.984	0.282
5730.000	10.000	2583.984	0.282
5740.000	10.000	2583.984	0.282
5750.000	10.000	2583.984	0.282
5760.000	10.000	2583.984	0.282
5770.000	10.000	2583.984	0.282
5780.000	10.000	2583.984	0.282
5790.000	10.000	2636.719	0.327
5800.000	10.000	2636.719	0.327
5810.000	10.000	2636.719	0.327
5820.000	10.000	2636.719	0.327
5830.000	10.000	2636.719	0.327
5840.000	10.000	2652.344	0.290
5850.000	10.000	2662.109	0.177
5860.000	10.000	2662.109	0.177
5870.000	10.000	2662.109	0.177
5880.000	10.000	2662.109	0.177
5890.000	10.000	2703.125	0.320
5900.000	10.000	2703.125	0.320
5910.000	10.000	2703.125	0.320
5920.000	10.000	2703.125	0.320
5930.000	10.000	2703.125	0.320
5940.000	10.000	2703.125	0.320
5950.000	10.000	2703.125	0.320
5960.000	10.000	2707.031	0.260
5970.000	10.000	2707.031	0.260
5980.000	10.000	2707.031	0.260
5990.000	10.000	2707.031	0.260
6000.000	10.000	2707.031	0.260
6010.000	10.000	2707.031	0.260
6020.000	10.000	2707.031	0.260
6030.000	10.000	2707.031	0.260
6040.000	10.000	2707.031	0.260
6050.000	10.000	2707.031	0.260
6060.000	10.000	2707.031	0.260
6070.000	10.000	2792.969	0.354
6080.000	10.000	2765.625	-0.013
6090.000	10.000	2765.625	-0.013
6100.000	10.000	2765.625	-0.013
6110.000	10.000	2765.625	-0.013
6120.000	10.000	2765.625	-0.013
6130.000	10.000	2765.625	-0.013
6140.000	10.000	2765.625	-0.013
6150.000	10.000	2759.766	-0.050
6160.000	10.000	2767.578	-0.044
6170.000	10.000	2767.578	-0.044
6180.000	10.000	2767.578	-0.044
6190.000	10.000	2767.578	-0.044
6200.000	10.000	2767.578	-0.044
6210.000	10.000	2767.578	-0.044
6220.000	10.000	2767.578	-0.044
6230.000	10.000	2767.578	-0.044
6240.000	10.000	2718.750	-0.021
6250.000	10.000	2718.750	-0.021
6260.000	10.000	2718.750	-0.021
6270.000	10.000	2718.750	-0.021
6280.000	10.000	2718.750	-0.021
6290.000	10.000	2718.750	-0.021
6300.000	10.000	2718.750	-0.021
6310.000	10.000	2718.750	-0.021
6320.000	10.000	2718.750	-0.021
6330.000	10.000	2718.750	-0.021
6340.000	10.000	2718.750	-0.021
6350.000	10.000	2718.750	-0.021
6360.000	10.000	2718.750	-0.021
6370.000	10.000	2673.828	-0.013
6380.000	10.000	2673.828	-0.013
6390.000	10.000	2673.828	-0.013
6400.000	10.000	2673.828	-0.013
6410.000	10.000	2673.828	-0.013
6420.000	10.000	2673.828	-0.013
6430.000	10.000	2673.828	-0.013
6440.000	10.000	2673.828	-0.013
6450.000	10.000	2673.828	-0.013
6460.000	10.000	2644.531	-0.052
6470.000	10.000	2644.531	-0.052
6480.000	10.000	2644.531	-0.052
6490.000	10.000	2644.531	-0.052
6500.000	10.000	2644.531	-0.052
6510.000	10.000	2644.531	-0.052
6520.000	10.000	2644.531	-0.052
6530.000	10.000	2644.531	-0.052
6540.000	10.000	2644.531	-0.052
6550.000	10.000	2644.531	-0.052
6560.000	10.000	2644.531	-0.052
6570.000	10.000	2591.797	0.060
6580.000	10.000	2591.797	0.060
6590.000	10.000	2591.797	0.060
6600.000	10.000	2591.797	0.060
6610.000	10.000	2591.797	0.060
6620.000	10.000	2539.062	0.007
6630.000	10.000	2576.172	-0.045
6640.000	10.000	2576.172	-0.045
6650.000	10.000	2576.172	-0.045
6660.000	10.000	2576.172	-0.045
6670.000	10.000	2576.172	-0.045
6680.000	10.000	2576.172	-0.045
6690.000	10.000	2576.172	-0.045
6700.000	10.000	2576.172	-0.045
6710.000	10.000	2576.172	-0.045
6720.000	10.000	2546.875	0.038
6730.000	10.000	2546.875	0.038
6740.000	10.000	2546.875	0.038
6750.000	10.000	2546.875	0.038
6760.000	10.000	2537.109	-0.049
6770.000	10.000	2537.109	-0.049
6780.000	10.000	2537.109	-0.049
6790.000	10.000	2537.109	-0.049
6800.000	10.000	2500.000	0.051
6810.000	10.000	2500.000	0.051
6820.000	10.000	2500.000	0.051
6830.000	10.000	2500.000	0.051
6840.000	10.000	2472.656	0.025
6850.000	10.000	2472.656	0.025
6860.000	10.000	2472.656	0.025
6870.000	10.000	2472.656	0.025
6880.000	10.000	2472.656	0.025
6890.000	10.000	2472.656	0.025
6900.000	10.000	2472.656	0.025
6910.000	10.000	2472.656	0.025
6920.000	10.000	2472.656	0.025
6930.000	10.000	2472.656	0.025
6940.000	10.000	2472.656	0.025
6950.000	10.000	2472.656	0.025
6960.000	10.000	2472.656	0.025
6970.000	10.000	2472.656	0.025
6980.000	10.000	2447.266	-0.038
6990.000	10.000	2423.828	-0.001
7000.000	10.000	2414.062	0.014
7010.000	10.000	2427.734	0.011
