% Time (s)	Gyro Output (degs/s)	Input Rate (rad/s)	%2/2/201810:55 AM
0.000	0.000	0.000
7237.440	0.150	0.000
7237.540	0.230	0.000
7237.580	-0.600	0.000
7237.610	-0.830	0.000
7237.660	-0.430	0.073
7237.710	-0.060	0.073
7237.750	-0.050	0.073
7237.810	-1.800	0.220
7237.820	-2.110	0.220
7237.850	-3.270	0.513
7237.860	-3.650	0.586
7237.880	-4.860	0.732
7237.900	-5.760	0.806
7237.910	-6.210	0.968
7238.020	-12.180	2.124
7238.040	-14.300	2.397
7238.070	-16.240	2.950
7238.110	-20.850	3.243
7238.140	-23.030	3.962
7238.280	-37.980	6.722
7238.370	-50.630	9.082
7238.390	-53.380	9.375
7238.400	-54.570	9.575
7238.420	-58.030	9.941
7238.440	-60.250	10.828
7238.520	-71.480	13.153
7238.630	-89.110	16.187
7238.850	-117.480	22.119
7238.870	-121.650	22.499
7238.880	-121.490	22.792
7239.010	-137.360	26.290
7239.020	-138.130	26.437
7239.340	-172.340	33.032
7239.380	-176.260	33.472
7239.390	-179.050	33.472
7239.420	-180.960	34.356
7239.430	-179.970	34.283
7239.440	-181.310	34.502
7239.630	-195.760	37.166
7239.710	-200.370	38.013
7239.770	-202.320	38.306
7239.890	-208.930	39.699
7239.910	-209.420	39.918
7239.920	-208.420	40.291
7239.970	-209.160	40.438
7240.030	-208.030	40.356
7240.050	-207.630	40.137
7240.100	-207.900	39.990
7240.140	-204.210	39.917
7240.170	-202.230	39.551
7240.210	-199.420	38.892
7240.230	-197.040	38.745
7240.500	-155.050	31.787
7240.590	-136.220	27.319
7241.310	73.370	-12.744
7241.420	104.460	-18.204
7241.570	137.540	-25.342
7241.720	165.510	-31.318
7241.970	200.580	-38.086
7242.100	207.960	-39.918
7242.170	210.760	-40.057
7242.290	210.470	-39.930
7242.300	209.470	-40.150
7242.390	209.090	-40.641
7242.470	207.260	-40.251
7242.510	205.310	-39.220
7242.550	202.470	-39.236
7242.580	201.490	-39.163
7242.590	199.620	-39.103
7242.760	189.880	-37.007
7243.040	161.970	-32.503
7243.070	157.930	-31.991
7243.280	125.150	-25.395
7243.450	91.340	-18.857
7243.570	66.030	-14.012
7243.630	53.910	-11.841
7243.640	52.290	-11.035
7243.650	49.390	-10.840
7243.710	37.680	-8.350
7243.730	33.390	-7.910
7243.740	32.490	-7.397
7243.940	-8.290	0.146
7243.960	-11.490	0.952
7243.980	-15.520	1.690
7244.000	-18.590	2.276
7244.010	-20.140	2.643
7244.020	-21.610	3.082
7244.030	-22.390	3.522
7244.080	-31.070	4.980
7244.160	-42.680	7.315
7244.480	-81.640	14.921
7244.630	-90.000	17.179
7244.650	-90.880	17.313
7244.660	-89.760	17.386
7244.670	-91.190	17.313
7244.690	-90.370	17.638
7244.730	-91.450	17.711
7244.790	-90.720	17.794
7244.800	-90.410	18.014
7244.810	-89.420	17.867
7244.870	-87.880	17.329
7244.880	-88.470	17.386
7244.910	-85.650	16.960
7244.960	-83.160	16.333
7245.000	-80.330	15.967
7245.020	-78.650	15.674
7245.040	-75.630	15.308
7245.120	-64.940	13.550
7245.220	-53.640	11.353
7245.260	-49.000	10.433
7245.270	-47.210	9.847
7245.420	-19.170	4.999
7245.720	43.340	-6.965
7245.730	47.690	-7.258
7245.830	68.560	-12.386
7245.920	94.010	-16.365
7245.960	104.950	-18.203
7246.280	184.040	-34.171
7246.310	188.130	-35.839
7246.380	203.750	-38.436
7246.420	212.240	-39.844
7246.430	213.030	-40.137
7246.450	215.670	-40.942
7246.820	263.050	-50.570
7246.850	264.010	-50.684
7246.860	265.830	-50.830
7247.000	278.810	-52.621
7247.060	283.300	-54.200
7247.200	296.210	-56.370
7247.240	298.300	-57.477
7247.320	303.270	-58.574
7247.350	305.470	-58.997
7247.370	305.560	-59.676
7247.520	308.350	-59.739
7247.740	293.960	-57.285
7248.040	244.620	-48.193
7248.050	242.370	-47.534
7248.340	186.590	-37.180
7248.380	178.380	-35.968
7248.500	153.340	-31.212
7248.720	106.630	-21.908
7248.850	84.060	-17.237
7248.940	67.050	-14.096
7248.950	64.230	-13.730
7248.960	62.550	-13.290
7249.020	52.660	-11.395
7249.140	31.270	-7.271
7249.150	30.150	-6.905
7249.250	12.220	-3.955
7249.440	-11.430	1.842
7249.450	-13.400	1.842
7249.480	-16.180	2.515
7249.490	-15.690	2.734
7249.500	-17.730	2.954
7249.560	-21.580	3.516
7249.600	-23.760	4.249
7249.650	-26.550	4.761
7249.710	-27.450	5.420
7249.750	-27.650	5.453
7249.800	-28.260	5.453
7249.840	-28.080	5.623
7249.860	-27.580	5.404
7249.890	-26.860	5.477
7249.920	-25.680	5.257
7249.970	-23.610	4.834
7250.000	-22.050	4.561
7250.010	-20.590	4.488
7250.040	-18.500	3.829
7250.580	42.130	-7.690
7250.710	67.770	-11.912
7250.910	108.280	-20.135
7251.180	165.860	-30.945
7251.200	169.250	-32.052
7251.220	172.670	-32.645
7251.240	174.550	-32.881
7251.250	176.590	-33.480
7251.320	187.090	-35.010
7251.340	189.940	-35.962
7251.360	193.610	-35.969
7251.400	197.300	-37.490
7251.410	199.140	-37.490
7251.530	216.510	-40.942
7251.540	217.530	-40.843
7251.570	221.190	-41.428
7251.980	276.920	-53.247
7252.090	292.880	-56.250
7252.140	297.810	-56.743
7252.180	300.720	-57.719
7252.430	308.600	-59.692
7252.500	303.800	-59.532
7252.510	302.110	-58.726
7252.540	299.520	-58.580
7252.580	296.600	-57.788
7252.590	295.820	-57.056
7252.610	293.250	-56.836
7252.620	291.400	-56.616
7252.660	286.970	-56.177
7252.670	285.600	-55.431
7252.690	282.760	-54.552
7252.710	281.190	-54.552
7252.820	268.180	-52.759
7252.840	264.910	-51.595
7252.910	255.750	-50.464
7253.170	223.160	-43.799
7253.200	214.950	-42.847
7253.780	87.330	-18.224
7253.800	83.360	-17.272
7253.850	72.070	-15.075
7253.900	58.350	-13.346
7253.920	56.320	-12.321
7253.930	54.570	-11.808
7253.940	51.420	-11.442
7254.050	24.350	-5.713
7254.060	20.910	-5.347
7254.250	-14.700	1.831
7254.290	-23.070	3.050
7254.310	-25.070	4.067
7254.350	-32.540	5.185
7254.370	-35.620	5.771
7254.380	-38.100	6.457
7254.400	-40.360	6.970
7254.420	-43.490	7.324
7254.520	-56.080	9.961
7254.530	-57.190	10.181
7254.550	-58.440	10.693
7254.560	-59.300	10.620
7254.580	-60.990	11.206
7254.600	-62.670	11.353
7254.800	-74.880	14.282
7254.810	-76.370	14.502
7254.830	-75.170	14.429
7254.860	-75.660	14.502
7254.980	-73.430	14.511
7254.990	-74.130	14.238
7255.000	-73.200	14.531
7255.040	-70.930	14.058
7255.130	-64.230	12.931
7255.210	-56.770	11.646
7255.230	-55.160	11.353
7255.390	-31.790	6.898
7255.710	27.790	-4.062
7255.820	53.300	-8.623
7255.840	55.180	-9.355
7255.850	58.490	-9.794
7255.910	72.190	-12.598
7255.950	82.900	-14.355
7256.080	110.770	-20.564
7256.230	138.800	-25.781
7256.250	140.900	-26.514
7256.640	197.450	-37.609
7256.650	199.300	-37.902
7256.670	199.920	-37.976
7256.740	206.090	-39.185
7256.750	209.720	-39.045
7257.190	252.210	-48.108
7257.310	259.800	-49.785
7257.360	262.850	-50.371
7257.470	265.210	-51.509
7257.760	252.920	-49.512
7258.260	170.350	-33.518
7258.850	36.410	-8.137
7259.080	-3.970	-0.366
7259.180	-19.670	3.296
7259.190	-21.370	3.369
7259.210	-24.630	3.809
7259.500	-49.380	9.245
7259.510	-51.040	9.465
7259.520	-51.680	9.465
7259.760	-60.210	11.512
7259.770	-60.170	11.586
7260.010	-59.730	11.426
7260.060	-57.090	11.020
7260.130	-52.480	10.547
7260.150	-50.390	10.034
7260.170	-47.340	9.814
7260.190	-46.360	9.521
7260.200	-44.410	9.375
7260.330	-29.740	6.540
7260.360	-26.860	6.160
7260.410	-19.050	4.501
7260.500	-3.450	1.758
7260.520	0.150	1.025
7260.730	36.240	-6.372
7260.870	64.350	-11.207
7260.880	66.610	-11.500
7260.890	69.570	-11.833
7260.960	84.830	-15.015
7261.000	92.810	-16.400
7261.110	118.170	-21.114
7261.140	122.470	-22.339
7261.150	125.290	-22.778
7261.160	126.860	-23.218
7261.170	129.660	-23.657
7261.180	131.260	-24.316
7261.390	176.620	-32.886
7261.400	178.350	-33.325
7261.480	196.030	-36.122
7261.490	197.790	-36.781
7261.500	199.170	-37.074
7261.570	212.800	-40.495
7261.740	243.320	-45.915
7261.890	259.400	-49.419
7262.040	269.560	-52.030
7262.070	270.750	-52.344
7262.200	272.280	-52.322
7262.260	273.910	-52.460
7262.320	273.710	-53.239
