%Time [ms]	Commanded Torque [mNm]	Base Speed [rpm]	Actual Current [Amp]	%1/26/201811:30 AM
0.000	0.000	0.000	0.000
0.000	20.000	-7.812	0.005
10.000	20.000	-7.812	0.005
20.000	20.000	-7.812	0.005
30.000	20.000	-7.812	0.005
40.000	20.000	-7.812	0.005
50.000	20.000	-7.812	0.005
60.000	20.000	-7.812	0.005
70.000	20.000	-7.812	0.005
80.000	20.000	-7.812	0.005
90.000	20.000	-7.812	0.005
100.000	20.000	-7.812	0.005
110.000	20.000	-7.812	0.005
120.000	20.000	-7.812	0.005
130.000	20.000	-7.812	0.005
140.000	20.000	-7.812	0.005
150.000	20.000	-7.812	0.005
160.000	20.000	-7.812	0.005
170.000	20.000	-7.812	0.005
180.000	20.000	-7.812	0.005
190.000	20.000	-7.812	0.005
200.000	20.000	-7.812	0.005
210.000	20.000	-7.812	0.005
220.000	20.000	-7.812	0.005
230.000	20.000	-7.812	0.005
240.000	20.000	9.766	0.011
250.000	20.000	9.766	0.011
260.000	20.000	9.766	0.011
270.000	20.000	9.766	0.011
280.000	20.000	15.625	0.019
290.000	20.000	15.625	0.019
300.000	20.000	15.625	0.019
310.000	20.000	15.625	0.019
320.000	20.000	15.625	0.019
330.000	20.000	15.625	0.019
340.000	20.000	15.625	0.019
350.000	20.000	-35.156	-0.007
360.000	20.000	-35.156	-0.007
370.000	20.000	-35.156	-0.007
380.000	20.000	-35.156	-0.007
390.000	20.000	-35.156	-0.007
400.000	20.000	-35.156	-0.007
410.000	20.000	-35.156	-0.007
420.000	20.000	-35.156	-0.007
430.000	20.000	-35.156	-0.007
440.000	20.000	-35.156	-0.007
450.000	20.000	-7.812	0.002
460.000	20.000	-7.812	0.002
470.000	20.000	-7.812	0.002
480.000	20.000	-7.812	0.002
490.000	20.000	-7.812	0.002
500.000	20.000	-7.812	0.002
510.000	20.000	-7.812	0.002
520.000	20.000	-7.812	0.002
530.000	20.000	-7.812	0.002
540.000	20.000	-7.812	0.002
550.000	20.000	-7.812	0.002
560.000	20.000	-7.812	0.002
570.000	20.000	-7.812	0.002
580.000	20.000	-7.812	0.002
590.000	20.000	-7.812	0.002
600.000	20.000	-7.812	0.002
610.000	20.000	-7.812	0.002
620.000	20.000	-7.812	0.002
630.000	20.000	-7.812	0.002
640.000	20.000	-7.812	0.002
650.000	20.000	-7.812	0.002
660.000	20.000	-1.953	0.003
670.000	20.000	11.719	0.012
680.000	20.000	-3.906	0.006
690.000	20.000	-3.906	0.006
700.000	20.000	-11.719	0.006
710.000	20.000	-11.719	0.006
720.000	20.000	-11.719	0.006
730.000	20.000	-11.719	0.006
740.000	20.000	-11.719	0.006
750.000	20.000	-11.719	0.006
760.000	20.000	-11.719	0.006
770.000	20.000	-11.719	0.006
780.000	20.000	-11.719	0.006
790.000	20.000	-11.719	0.006
800.000	20.000	-11.719	0.006
810.000	20.000	-11.719	0.006
820.000	20.000	-11.719	0.006
830.000	20.000	-11.719	0.006
840.000	20.000	-11.719	0.006
850.000	20.000	-11.719	0.006
860.000	20.000	-11.719	0.006
870.000	20.000	-11.719	0.006
880.000	20.000	-29.297	0.008
890.000	20.000	-29.297	0.008
900.000	20.000	-29.297	0.008
910.000	20.000	9.766	0.014
920.000	20.000	9.766	0.014
930.000	20.000	9.766	0.014
940.000	20.000	9.766	0.014
950.000	20.000	9.766	0.014
960.000	20.000	9.766	0.014
970.000	20.000	9.766	0.014
980.000	20.000	9.766	0.014
990.000	20.000	9.766	0.014
1000.000	20.000	9.766	0.014
1010.000	20.000	9.766	0.014
1020.000	20.000	9.766	0.014
1030.000	20.000	-3.906	0.001
1040.000	20.000	-1.953	0.022
1050.000	20.000	17.578	0.004
1060.000	20.000	11.719	0.091
1070.000	20.000	11.719	0.091
1080.000	20.000	11.719	0.091
1090.000	20.000	11.719	0.091
1100.000	20.000	11.719	0.091
1110.000	20.000	11.719	0.091
1120.000	20.000	11.719	0.091
1130.000	20.000	11.719	0.091
1140.000	20.000	11.719	0.091
1150.000	20.000	11.719	0.091
1160.000	20.000	11.719	0.091
1170.000	20.000	113.281	0.603
1180.000	20.000	113.281	0.603
1190.000	20.000	113.281	0.603
1200.000	20.000	164.062	0.622
1210.000	20.000	179.687	0.607
1220.000	20.000	179.687	0.607
1230.000	20.000	236.328	0.617
1240.000	20.000	236.328	0.617
1250.000	20.000	230.469	0.609
1260.000	20.000	230.469	0.609
1270.000	20.000	230.469	0.609
1280.000	20.000	230.469	0.609
1290.000	20.000	230.469	0.609
1300.000	20.000	230.469	0.609
1310.000	20.000	230.469	0.609
1320.000	20.000	230.469	0.609
1330.000	20.000	396.484	0.619
1340.000	20.000	396.484	0.619
1350.000	20.000	396.484	0.619
1360.000	20.000	396.484	0.619
1370.000	20.000	396.484	0.619
1380.000	20.000	396.484	0.619
1390.000	20.000	396.484	0.619
1400.000	20.000	396.484	0.619
1410.000	20.000	396.484	0.619
1420.000	20.000	576.172	0.620
1430.000	20.000	570.312	0.620
1440.000	20.000	603.516	0.610
1450.000	20.000	574.219	0.618
1460.000	20.000	574.219	0.618
1470.000	20.000	574.219	0.618
1480.000	20.000	574.219	0.618
1490.000	20.000	574.219	0.618
1500.000	20.000	574.219	0.618
1510.000	20.000	574.219	0.618
1520.000	20.000	574.219	0.618
1530.000	20.000	574.219	0.618
1540.000	20.000	742.187	0.617
1550.000	20.000	742.187	0.617
1560.000	20.000	742.187	0.617
1570.000	20.000	742.187	0.617
1580.000	20.000	742.187	0.617
1590.000	20.000	742.187	0.617
1600.000	20.000	742.187	0.617
1610.000	20.000	742.187	0.617
1620.000	20.000	742.187	0.617
1630.000	20.000	742.187	0.617
1640.000	20.000	900.391	0.615
1650.000	20.000	900.391	0.615
1660.000	20.000	900.391	0.615
1670.000	20.000	900.391	0.615
1680.000	20.000	900.391	0.615
1690.000	20.000	900.391	0.615
1700.000	20.000	900.391	0.615
1710.000	20.000	900.391	0.615
1720.000	20.000	900.391	0.615
1730.000	20.000	900.391	0.615
1740.000	20.000	900.391	0.615
1750.000	20.000	900.391	0.615
1760.000	20.000	900.391	0.615
1770.000	20.000	900.391	0.615
1780.000	20.000	900.391	0.615
1790.000	20.000	900.391	0.615
1800.000	20.000	900.391	0.615
1810.000	20.000	900.391	0.615
1820.000	20.000	900.391	0.615
1830.000	20.000	900.391	0.615
1840.000	20.000	900.391	0.615
1850.000	20.000	900.391	0.615
1860.000	20.000	900.391	0.615
1870.000	20.000	900.391	0.615
1880.000	20.000	1273.437	0.616
1890.000	20.000	1273.437	0.616
1900.000	20.000	1273.437	0.616
1910.000	20.000	1273.437	0.616
1920.000	20.000	1273.437	0.616
1930.000	20.000	1273.437	0.616
1940.000	20.000	1273.437	0.616
1950.000	20.000	1273.437	0.616
1960.000	20.000	1273.437	0.616
1970.000	20.000	1273.437	0.616
1980.000	20.000	1273.437	0.616
1990.000	20.000	1273.437	0.616
2000.000	20.000	1273.437	0.616
2010.000	20.000	1496.094	0.619
2020.000	20.000	1496.094	0.619
2030.000	20.000	1496.094	0.619
2040.000	20.000	1496.094	0.619
2050.000	20.000	1496.094	0.619
2060.000	20.000	1496.094	0.619
2070.000	20.000	1496.094	0.619
2080.000	20.000	1496.094	0.619
2090.000	20.000	1496.094	0.619
2100.000	20.000	1496.094	0.619
2110.000	20.000	1496.094	0.619
2120.000	20.000	1496.094	0.619
2130.000	20.000	1679.687	0.607
2140.000	20.000	1679.687	0.607
2150.000	20.000	1679.687	0.607
2160.000	20.000	1679.687	0.607
2170.000	20.000	1679.687	0.607
2180.000	20.000	1750.000	0.619
2190.000	20.000	1761.719	0.604
2200.000	20.000	1761.719	0.604
2210.000	20.000	1761.719	0.604
2220.000	20.000	1800.781	0.607
2230.000	20.000	1800.781	0.607
2240.000	20.000	1800.781	0.607
2250.000	20.000	1800.781	0.607
2260.000	20.000	1800.781	0.607
2270.000	20.000	1800.781	0.607
2280.000	20.000	1800.781	0.607
2290.000	20.000	1906.250	0.618
2300.000	20.000	1906.250	0.618
2310.000	20.000	1906.250	0.618
2320.000	20.000	1968.750	0.594
2330.000	20.000	1968.750	0.594
2340.000	20.000	1968.750	0.594
2350.000	20.000	1968.750	0.594
2360.000	20.000	1968.750	0.594
2370.000	20.000	1968.750	0.594
2380.000	20.000	2044.922	0.612
2390.000	20.000	2044.922	0.612
2400.000	20.000	2044.922	0.612
2410.000	20.000	2044.922	0.612
2420.000	20.000	2044.922	0.612
2430.000	20.000	2103.516	0.633
2440.000	20.000	2103.516	0.633
2450.000	20.000	2103.516	0.633
2460.000	20.000	2103.516	0.633
2470.000	20.000	2201.172	0.628
2480.000	20.000	2201.172	0.628
2490.000	20.000	2201.172	0.628
2500.000	20.000	2253.906	0.608
2510.000	20.000	2253.906	0.608
2520.000	20.000	2208.984	0.612
2530.000	20.000	2208.984	0.612
2540.000	20.000	2208.984	0.612
2550.000	20.000	2208.984	0.612
2560.000	20.000	2208.984	0.612
2570.000	20.000	2298.828	0.625
2580.000	20.000	2298.828	0.625
2590.000	20.000	2298.828	0.625
2600.000	20.000	2298.828	0.625
2610.000	20.000	2298.828	0.625
2620.000	20.000	2298.828	0.625
2630.000	20.000	2298.828	0.625
2640.000	20.000	2298.828	0.625
2650.000	20.000	2298.828	0.625
2660.000	20.000	2298.828	0.625
2670.000	20.000	2455.078	0.632
2680.000	20.000	2455.078	0.632
2690.000	20.000	2455.078	0.632
2700.000	20.000	2455.078	0.632
2710.000	20.000	2503.906	0.623
2720.000	20.000	2496.094	0.637
2730.000	20.000	2496.094	0.637
2740.000	20.000	2496.094	0.637
2750.000	20.000	2496.094	0.637
2760.000	20.000	2496.094	0.637
2770.000	20.000	2595.703	0.605
2780.000	20.000	2595.703	0.605
2790.000	20.000	2595.703	0.605
2800.000	20.000	2595.703	0.605
2810.000	20.000	2595.703	0.605
2820.000	20.000	2595.703	0.605
2830.000	20.000	2595.703	0.605
2840.000	20.000	2595.703	0.605
2850.000	20.000	2595.703	0.605
2860.000	20.000	2595.703	0.605
2870.000	20.000	2595.703	0.605
2880.000	20.000	2595.703	0.605
2890.000	20.000	2595.703	0.605
2900.000	20.000	2759.766	0.594
2910.000	20.000	2759.766	0.594
2920.000	20.000	2759.766	0.594
2930.000	20.000	2759.766	0.594
2940.000	20.000	2759.766	0.594
2950.000	20.000	2857.422	0.626
2960.000	20.000	2857.422	0.626
2970.000	20.000	2857.422	0.626
2980.000	20.000	2857.422	0.626
2990.000	20.000	2935.547	0.616
3000.000	20.000	2943.359	0.612
3010.000	20.000	2943.359	0.612
3020.000	20.000	2943.359	0.612
3030.000	20.000	2943.359	0.612
3040.000	20.000	2980.469	0.607
3050.000	20.000	2980.469	0.607
3060.000	20.000	2980.469	0.607
3070.000	20.000	2980.469	0.607
3080.000	20.000	2980.469	0.607
3090.000	20.000	2980.469	0.607
3100.000	20.000	2980.469	0.607
3110.000	20.000	2980.469	0.607
3120.000	20.000	2980.469	0.607
3130.000	20.000	2980.469	0.607
3140.000	20.000	2980.469	0.607
3150.000	20.000	2980.469	0.607
3160.000	20.000	2980.469	0.607
3170.000	20.000	2980.469	0.607
3180.000	20.000	2980.469	0.607
3190.000	20.000	2980.469	0.607
3200.000	20.000	2980.469	0.607
3210.000	20.000	2980.469	0.607
3220.000	20.000	3210.937	0.607
3230.000	20.000	3210.937	0.607
3240.000	20.000	3210.937	0.607
3250.000	20.000	3210.937	0.607
3260.000	20.000	3210.937	0.607
3270.000	20.000	3210.937	0.607
3280.000	20.000	3210.937	0.607
3290.000	20.000	3339.844	0.608
3300.000	20.000	3339.844	0.608
3310.000	20.000	3339.844	0.608
3320.000	20.000	3339.844	0.608
3330.000	20.000	3339.844	0.608
3340.000	20.000	3339.844	0.608
3350.000	20.000	3339.844	0.608
3360.000	20.000	3339.844	0.608
3370.000	20.000	3435.547	0.606
3380.000	20.000	3435.547	0.606
3390.000	20.000	3435.547	0.606
3400.000	20.000	3466.797	0.595
3410.000	20.000	3466.797	0.595
3420.000	20.000	3466.797	0.595
3430.000	20.000	3466.797	0.595
3440.000	20.000	3466.797	0.595
3450.000	20.000	3466.797	0.595
3460.000	20.000	3466.797	0.595
3470.000	20.000	3466.797	0.595
3480.000	20.000	3466.797	0.595
3490.000	20.000	3466.797	0.595
3500.000	20.000	3466.797	0.595
3510.000	20.000	3466.797	0.595
3520.000	20.000	3466.797	0.595
3530.000	20.000	3466.797	0.595
3540.000	20.000	3466.797	0.595
3550.000	20.000	3466.797	0.595
3560.000	20.000	3466.797	0.595
3570.000	20.000	3466.797	0.595
3580.000	20.000	3466.797	0.595
3590.000	20.000	3466.797	0.595
3600.000	20.000	3466.797	0.595
3610.000	20.000	3466.797	0.595
3620.000	20.000	3466.797	0.595
3630.000	20.000	3466.797	0.595
3640.000	20.000	3466.797	0.595
3650.000	20.000	3466.797	0.595
3660.000	20.000	3466.797	0.595
3670.000	20.000	3466.797	0.595
3680.000	20.000	3466.797	0.595
3690.000	20.000	3466.797	0.595
3700.000	20.000	3466.797	0.595
3710.000	20.000	3892.578	0.617
3720.000	20.000	3890.625	0.615
3730.000	20.000	3890.625	0.615
3740.000	20.000	3890.625	0.615
3750.000	20.000	3890.625	0.615
3760.000	20.000	3890.625	0.615
3770.000	20.000	3890.625	0.615
3780.000	20.000	3998.047	0.613
3790.000	20.000	3998.047	0.613
3800.000	20.000	3998.047	0.583
3810.000	20.000	3998.047	0.583
3820.000	20.000	3998.047	0.583
3830.000	20.000	3998.047	0.583
3840.000	20.000	3998.047	0.583
3850.000	20.000	3998.047	0.583
3860.000	20.000	3998.047	0.583
3870.000	20.000	3998.047	0.583
3880.000	20.000	3998.047	0.583
3890.000	20.000	3998.047	0.583
3900.000	20.000	3998.047	0.583
3910.000	20.000	3998.047	0.583
3920.000	20.000	3998.047	0.583
3930.000	20.000	3998.047	0.583
3940.000	20.000	3998.047	0.583
3950.000	20.000	3998.047	0.583
3960.000	20.000	3998.047	0.273
3970.000	20.000	3998.047	0.273
3980.000	20.000	3998.047	0.273
3990.000	20.000	3998.047	0.273
4000.000	20.000	3998.047	0.273
4010.000	20.000	3998.047	0.273
4020.000	20.000	3998.047	0.273
4030.000	20.000	3998.047	0.273
4040.000	20.000	3998.047	0.273
4050.000	20.000	3998.047	0.273
4060.000	20.000	3998.047	0.273
4070.000	20.000	3998.047	0.273
4080.000	20.000	3998.047	0.273
4090.000	20.000	3998.047	0.273
4100.000	20.000	3998.047	0.273
4110.000	20.000	3998.047	0.273
4120.000	20.000	3998.047	0.273
4130.000	20.000	3998.047	0.273
4140.000	20.000	3998.047	-0.161
4150.000	20.000	3998.047	-0.161
4160.000	20.000	3998.047	-0.161
4170.000	20.000	3998.047	-0.161
4180.000	20.000	3998.047	-0.161
4190.000	20.000	3998.047	-0.161
4200.000	20.000	3998.047	-0.161
4210.000	20.000	3998.047	-0.161
4220.000	20.000	3998.047	-0.161
4230.000	20.000	3998.047	-0.161
4240.000	20.000	3998.047	-0.161
4250.000	20.000	3998.047	-0.161
4260.000	20.000	3998.047	-0.161
4270.000	20.000	3998.047	-0.161
4280.000	20.000	3998.047	-0.161
4290.000	20.000	3998.047	-0.161
4300.000	20.000	3998.047	-0.161
4310.000	20.000	3998.047	0.476
4320.000	20.000	3998.047	0.476
4330.000	20.000	3998.047	0.476
4340.000	20.000	3998.047	0.484
4350.000	20.000	3998.047	0.453
4360.000	20.000	3998.047	0.453
4370.000	20.000	3998.047	0.453
4380.000	20.000	3998.047	0.453
4390.000	20.000	3998.047	0.453
4400.000	20.000	3998.047	0.453
4410.000	20.000	3998.047	0.453
4420.000	20.000	3998.047	0.453
4430.000	20.000	3998.047	0.453
4440.000	20.000	3998.047	0.453
4450.000	20.000	3998.047	0.453
4460.000	20.000	3998.047	0.453
4470.000	20.000	3998.047	0.453
4480.000	20.000	3998.047	0.077
4490.000	20.000	3998.047	0.077
4500.000	20.000	3998.047	0.077
4510.000	20.000	3998.047	0.077
4520.000	20.000	3998.047	0.047
4530.000	20.000	3998.047	0.047
4540.000	20.000	3998.047	0.047
4550.000	20.000	3998.047	0.047
4560.000	20.000	3998.047	0.047
4570.000	20.000	3998.047	0.047
4580.000	20.000	3998.047	0.047
4590.000	20.000	3998.047	0.047
4600.000	20.000	3998.047	0.047
4610.000	20.000	3998.047	0.054
4620.000	20.000	3998.047	0.068
4630.000	20.000	3998.047	0.058
4640.000	20.000	3998.047	0.058
4650.000	20.000	3998.047	0.058
4660.000	20.000	3998.047	0.058
4670.000	20.000	3998.047	0.058
4680.000	20.000	3998.047	0.058
4690.000	20.000	3998.047	0.147
4700.000	20.000	3998.047	0.147
4710.000	20.000	3998.047	0.193
4720.000	20.000	3998.047	0.193
4730.000	20.000	3998.047	0.193
4740.000	20.000	3998.047	0.193
4750.000	20.000	3998.047	0.193
4760.000	20.000	3998.047	0.193
4770.000	20.000	3998.047	0.193
4780.000	20.000	3998.047	0.193
4790.000	20.000	3998.047	0.193
4800.000	20.000	3998.047	0.193
4810.000	20.000	3998.047	0.193
4820.000	20.000	3998.047	0.193
4830.000	20.000	3998.047	0.193
4840.000	20.000	3998.047	0.264
4850.000	20.000	3998.047	0.264
4860.000	20.000	3998.047	0.264
4870.000	20.000	3998.047	0.264
4880.000	20.000	3998.047	0.264
4890.000	20.000	3998.047	0.264
4900.000	20.000	3998.047	0.205
4910.000	20.000	3998.047	0.205
4920.000	20.000	3998.047	0.205
4930.000	20.000	3998.047	0.205
4940.000	20.000	3998.047	0.205
4950.000	20.000	3998.047	0.205
4960.000	20.000	3998.047	0.139
4970.000	20.000	3998.047	0.139
4980.000	20.000	3998.047	0.139
4990.000	20.000	3998.047	0.139
5000.000	20.000	3998.047	0.139
5010.000	20.000	3998.047	0.109
5020.000	20.000	3998.047	0.109
5030.000	20.000	3998.047	0.109
5040.000	20.000	3998.047	0.102
5050.000	20.000	3998.047	0.102
5060.000	20.000	3998.047	0.102
5070.000	20.000	3998.047	0.100
5080.000	20.000	3998.047	0.100
5090.000	20.000	3998.047	0.100
5100.000	20.000	3998.047	0.100
5110.000	20.000	3998.047	0.100
5120.000	20.000	3998.047	0.100
5130.000	20.000	3998.047	0.100
5140.000	20.000	3998.047	0.166
5150.000	20.000	3998.047	0.166
5160.000	20.000	3998.047	0.166
5170.000	20.000	3998.047	0.166
5180.000	20.000	3998.047	0.196
5190.000	20.000	3998.047	0.196
5200.000	20.000	3998.047	0.196
5210.000	20.000	3998.047	0.225
5220.000	20.000	3998.047	0.226
5230.000	20.000	3998.047	0.226
5240.000	20.000	3998.047	0.226
5250.000	20.000	3998.047	0.226
5260.000	20.000	3998.047	0.226
5270.000	20.000	3998.047	0.229
5280.000	20.000	3998.047	0.229
5290.000	20.000	3998.047	0.229
5300.000	20.000	3998.047	0.229
5310.000	20.000	3998.047	0.229
5320.000	20.000	3998.047	0.229
5330.000	20.000	3998.047	0.229
5340.000	20.000	3998.047	0.177
5350.000	20.000	3998.047	0.176
5360.000	20.000	3998.047	0.176
5370.000	20.000	3998.047	0.169
5380.000	20.000	3998.047	0.169
5390.000	20.000	3998.047	0.169
5400.000	20.000	3998.047	0.169
5410.000	20.000	3998.047	0.169
5420.000	20.000	3998.047	0.146
5430.000	20.000	3998.047	0.146
5440.000	20.000	3998.047	0.137
5450.000	20.000	3998.047	0.129
5460.000	20.000	3998.047	0.129
5470.000	20.000	3998.047	0.129
5480.000	20.000	3998.047	0.129
5490.000	20.000	3998.047	0.148
5500.000	20.000	3998.047	0.140
5510.000	20.000	3998.047	0.140
5520.000	20.000	3998.047	0.140
5530.000	20.000	3998.047	0.142
5540.000	20.000	3998.047	0.142
5550.000	20.000	3998.047	0.142
5560.000	20.000	3998.047	0.142
5570.000	20.000	3998.047	0.142
5580.000	20.000	3998.047	0.142
5590.000	20.000	3998.047	0.157
5600.000	20.000	3998.047	0.157
5610.000	20.000	3998.047	0.180
5620.000	20.000	3998.047	0.180
5630.000	20.000	3998.047	0.180
5640.000	20.000	3998.047	0.168
5650.000	20.000	3998.047	0.168
5660.000	20.000	3998.047	0.168
5670.000	20.000	3998.047	0.168
5680.000	20.000	3998.047	0.168
5690.000	20.000	3998.047	0.168
5700.000	20.000	3998.047	0.168
5710.000	20.000	3998.047	0.168
5720.000	20.000	3998.047	0.168
5730.000	20.000	3998.047	0.192
5740.000	20.000	3998.047	0.192
5750.000	20.000	3998.047	0.192
5760.000	20.000	3998.047	0.192
5770.000	20.000	3998.047	0.192
5780.000	20.000	3998.047	0.192
5790.000	20.000	3998.047	0.192
5800.000	20.000	3998.047	0.188
5810.000	20.000	3998.047	0.188
5820.000	20.000	3998.047	0.188
5830.000	20.000	3998.047	0.188
5840.000	20.000	3998.047	0.188
5850.000	20.000	3998.047	0.188
5860.000	20.000	3998.047	0.188
5870.000	20.000	3998.047	0.188
5880.000	20.000	3998.047	0.188
5890.000	20.000	3998.047	0.188
5900.000	20.000	3998.047	0.188
5910.000	20.000	3998.047	0.188
5920.000	20.000	3998.047	0.163
5930.000	20.000	3998.047	0.163
5940.000	20.000	3998.047	0.163
5950.000	20.000	3998.047	0.163
5960.000	20.000	3998.047	0.163
5970.000	20.000	3998.047	0.163
5980.000	20.000	3998.047	0.163
5990.000	20.000	3998.047	0.163
6000.000	20.000	3998.047	0.163
6010.000	20.000	3998.047	0.163
6020.000	20.000	3998.047	0.163
6030.000	20.000	3998.047	0.184
6040.000	20.000	3998.047	0.184
6050.000	20.000	3998.047	0.160
6060.000	20.000	3998.047	0.160
6070.000	20.000	3998.047	0.160
6080.000	20.000	3998.047	0.160
6090.000	20.000	3998.047	0.160
6100.000	20.000	3998.047	0.182
6110.000	20.000	3998.047	0.158
6120.000	20.000	3998.047	0.158
6130.000	20.000	3998.047	0.158
6140.000	20.000	3998.047	0.158
6150.000	20.000	3998.047	0.158
6160.000	20.000	3998.047	0.158
6170.000	20.000	3998.047	0.028
6180.000	20.000	3998.047	0.028
6190.000	20.000	3998.047	0.019
6200.000	20.000	3998.047	0.019
6210.000	20.000	3998.047	0.019
6220.000	20.000	3998.047	0.019
6230.000	20.000	3998.047	0.019
6240.000	20.000	3998.047	0.019
6250.000	20.000	3998.047	0.019
6260.000	20.000	3984.375	0.000
6270.000	20.000	3984.375	0.000
6280.000	20.000	3984.375	0.000
6290.000	20.000	3955.078	0.007
6300.000	20.000	3955.078	0.007
6310.000	20.000	3955.078	0.007
6320.000	20.000	3955.078	0.007
6330.000	20.000	3955.078	0.007
6340.000	20.000	3955.078	0.007
6350.000	20.000	3955.078	0.007
6360.000	20.000	3955.078	0.007
6370.000	20.000	3925.781	-0.005
6380.000	20.000	3925.781	0.003
6390.000	20.000	3925.781	0.003
6400.000	20.000	3919.922	0.006
6410.000	20.000	3896.484	0.011
6420.000	20.000	3916.016	-0.006
6430.000	20.000	3916.016	-0.006
6440.000	20.000	3916.016	-0.006
6450.000	20.000	3863.281	-0.001
6460.000	20.000	3863.281	-0.001
6470.000	20.000	3863.281	-0.001
6480.000	20.000	3863.281	-0.001
6490.000	20.000	3863.281	-0.001
6500.000	20.000	3863.281	-0.001
6510.000	20.000	3859.375	-0.002
6520.000	20.000	3859.375	-0.002
6530.000	20.000	3859.375	-0.002
6540.000	20.000	3859.375	-0.002
6550.000	20.000	3859.375	-0.002
6560.000	20.000	3859.375	-0.002
6570.000	20.000	3859.375	-0.002
6580.000	20.000	3859.375	-0.002
6590.000	20.000	3859.375	-0.002
6600.000	20.000	3859.375	-0.002
6610.000	20.000	3859.375	-0.002
6620.000	20.000	3859.375	-0.002
6630.000	20.000	3859.375	-0.002
6640.000	20.000	3859.375	-0.002
6650.000	20.000	3859.375	-0.002
6660.000	20.000	3859.375	-0.002
6670.000	20.000	3859.375	-0.002
6680.000	20.000	3859.375	-0.002
6690.000	20.000	3859.375	-0.002
6700.000	20.000	3859.375	-0.002
6710.000	20.000	3859.375	-0.002
6720.000	20.000	3859.375	-0.002
6730.000	20.000	3859.375	-0.002
6740.000	20.000	3859.375	-0.002
6750.000	20.000	3859.375	-0.002
6760.000	20.000	3859.375	-0.002
6770.000	20.000	3859.375	-0.002
6780.000	20.000	3859.375	-0.002
6790.000	20.000	3859.375	-0.002
6800.000	20.000	3859.375	-0.002
6810.000	20.000	3859.375	-0.002
6820.000	20.000	3859.375	-0.002
6830.000	20.000	3695.312	0.003
6840.000	20.000	3695.312	0.003
6850.000	20.000	3691.406	0.003
6860.000	20.000	3691.406	0.003
6870.000	20.000	3646.484	0.014
6880.000	20.000	3646.484	0.014
6890.000	20.000	3646.484	0.014
6900.000	20.000	3648.437	-0.022
6910.000	20.000	3648.437	-0.022
6920.000	20.000	3636.719	0.004
6930.000	20.000	3636.719	0.004
6940.000	20.000	3636.719	0.004
6950.000	20.000	3648.437	0.003
6960.000	20.000	3632.812	0.005
6970.000	20.000	3632.812	0.005
6980.000	20.000	3632.812	0.005
6990.000	20.000	3632.812	0.005
7000.000	20.000	3632.812	0.005
7010.000	20.000	3632.812	0.005
