%Time [ms]	Commanded Torque [mNm]	Base Speed [rpm]	Actual Current [Amp]	%1/26/201811:26 AM
0.000	0.000	0.000	0.000
0.000	10.000	3.906	0.003
10.000	10.000	3.906	0.003
20.000	10.000	3.906	0.003
30.000	10.000	3.906	0.003
40.000	10.000	3.906	0.003
50.000	10.000	25.391	0.010
60.000	10.000	25.391	0.010
70.000	10.000	25.391	0.010
80.000	10.000	25.391	0.010
90.000	10.000	25.391	0.010
100.000	10.000	25.391	0.010
110.000	10.000	25.391	0.010
120.000	10.000	25.391	0.010
130.000	10.000	25.391	0.010
140.000	10.000	25.391	0.010
150.000	10.000	-3.906	0.007
160.000	10.000	-3.906	0.007
170.000	10.000	7.812	0.017
180.000	10.000	7.812	0.017
190.000	10.000	-5.859	-0.001
200.000	10.000	-5.859	-0.001
210.000	10.000	11.719	0.013
220.000	10.000	11.719	0.013
230.000	10.000	11.719	0.013
240.000	10.000	11.719	0.013
250.000	10.000	-1.953	0.003
260.000	10.000	-1.953	0.003
270.000	10.000	-1.953	0.003
280.000	10.000	-1.953	0.003
290.000	10.000	-1.953	0.003
300.000	10.000	25.391	0.012
310.000	10.000	-9.766	-0.001
320.000	10.000	-9.766	-0.001
330.000	10.000	-9.766	-0.001
340.000	10.000	-9.766	-0.001
350.000	10.000	-9.766	-0.001
360.000	10.000	-9.766	-0.001
370.000	10.000	3.906	-0.008
380.000	10.000	3.906	-0.008
390.000	10.000	0.000	-0.014
400.000	10.000	0.000	-0.014
410.000	10.000	0.000	-0.014
420.000	10.000	0.000	-0.014
430.000	10.000	0.000	-0.014
440.000	10.000	0.000	-0.014
450.000	10.000	0.000	-0.014
460.000	10.000	0.000	-0.014
470.000	10.000	0.000	-0.014
480.000	10.000	-3.906	0.010
490.000	10.000	-3.906	0.010
500.000	10.000	-3.906	0.010
510.000	10.000	-27.344	0.005
520.000	10.000	-27.344	0.005
530.000	10.000	-27.344	0.005
540.000	10.000	-27.344	0.005
550.000	10.000	-27.344	0.005
560.000	10.000	-27.344	0.005
570.000	10.000	-27.344	0.005
580.000	10.000	-27.344	0.005
590.000	10.000	-27.344	0.005
600.000	10.000	-27.344	0.005
610.000	10.000	-27.344	0.005
620.000	10.000	-27.344	0.005
630.000	10.000	-27.344	0.005
640.000	10.000	-27.344	0.005
650.000	10.000	-27.344	0.005
660.000	10.000	-27.344	0.005
670.000	10.000	-27.344	0.005
680.000	10.000	-27.344	0.005
690.000	10.000	-27.344	0.005
700.000	10.000	-11.719	0.007
710.000	10.000	-11.719	0.007
720.000	10.000	-11.719	0.007
730.000	10.000	-11.719	0.007
740.000	10.000	-11.719	0.007
750.000	10.000	-11.719	0.007
760.000	10.000	-11.719	0.007
770.000	10.000	15.625	0.029
780.000	10.000	15.625	0.029
790.000	10.000	15.625	0.029
800.000	10.000	-11.719	0.016
810.000	10.000	-11.719	0.016
820.000	10.000	-11.719	0.016
830.000	10.000	-11.719	0.016
840.000	10.000	-11.719	0.016
850.000	10.000	-11.719	0.016
860.000	10.000	7.812	0.010
870.000	10.000	7.812	0.010
880.000	10.000	7.812	0.010
890.000	10.000	5.859	0.018
900.000	10.000	5.859	0.018
910.000	10.000	5.859	0.018
920.000	10.000	5.859	0.018
930.000	10.000	5.859	0.018
940.000	10.000	5.859	0.018
950.000	10.000	5.859	0.018
960.000	10.000	5.859	0.018
970.000	10.000	5.859	0.018
980.000	10.000	5.859	0.018
990.000	10.000	-3.906	0.008
1000.000	10.000	-3.906	0.008
1010.000	10.000	-3.906	0.008
1020.000	10.000	-3.906	0.008
1030.000	10.000	-3.906	0.008
1040.000	10.000	-3.906	0.008
1050.000	10.000	-3.906	0.008
1060.000	10.000	-3.906	0.008
1070.000	10.000	-3.906	0.008
1080.000	10.000	-3.906	0.008
1090.000	10.000	-3.906	0.008
1100.000	10.000	-3.906	0.008
1110.000	10.000	-3.906	0.008
1120.000	10.000	-3.906	0.008
1130.000	10.000	-3.906	0.016
1140.000	10.000	-3.906	0.016
1150.000	10.000	-1.953	0.125
1160.000	10.000	-9.766	0.183
1170.000	10.000	3.906	0.219
1180.000	10.000	3.906	0.219
1190.000	10.000	3.906	0.219
1200.000	10.000	3.906	0.219
1210.000	10.000	3.906	0.219
1220.000	10.000	-1.953	0.267
1230.000	10.000	-1.953	0.267
1240.000	10.000	-1.953	0.267
1250.000	10.000	-1.953	0.267
1260.000	10.000	-1.953	0.267
1270.000	10.000	-1.953	0.267
1280.000	10.000	-1.953	0.267
1290.000	10.000	-1.953	0.267
1300.000	10.000	95.703	0.300
1310.000	10.000	113.281	0.300
1320.000	10.000	72.266	0.312
1330.000	10.000	72.266	0.312
1340.000	10.000	72.266	0.312
1350.000	10.000	72.266	0.312
1360.000	10.000	134.766	0.311
1370.000	10.000	134.766	0.311
1380.000	10.000	154.297	0.316
1390.000	10.000	156.250	0.319
1400.000	10.000	156.250	0.319
1410.000	10.000	156.250	0.319
1420.000	10.000	156.250	0.319
1430.000	10.000	156.250	0.319
1440.000	10.000	156.250	0.319
1450.000	10.000	156.250	0.319
1460.000	10.000	156.250	0.319
1470.000	10.000	156.250	0.319
1480.000	10.000	218.750	0.304
1490.000	10.000	242.187	0.298
1500.000	10.000	238.281	0.312
1510.000	10.000	242.187	0.307
1520.000	10.000	242.187	0.307
1530.000	10.000	242.187	0.307
1540.000	10.000	242.187	0.307
1550.000	10.000	242.187	0.307
1560.000	10.000	242.187	0.307
1570.000	10.000	242.187	0.307
1580.000	10.000	242.187	0.307
1590.000	10.000	322.266	0.308
1600.000	10.000	322.266	0.308
1610.000	10.000	322.266	0.308
1620.000	10.000	322.266	0.308
1630.000	10.000	322.266	0.308
1640.000	10.000	332.031	0.291
1650.000	10.000	332.031	0.291
1660.000	10.000	332.031	0.291
1670.000	10.000	332.031	0.291
1680.000	10.000	332.031	0.291
1690.000	10.000	373.047	0.318
1700.000	10.000	373.047	0.318
1710.000	10.000	373.047	0.318
1720.000	10.000	373.047	0.318
1730.000	10.000	402.344	0.296
1740.000	10.000	402.344	0.296
1750.000	10.000	402.344	0.296
1760.000	10.000	402.344	0.296
1770.000	10.000	402.344	0.296
1780.000	10.000	402.344	0.296
1790.000	10.000	402.344	0.296
1800.000	10.000	402.344	0.296
1810.000	10.000	402.344	0.296
1820.000	10.000	402.344	0.296
1830.000	10.000	445.312	0.301
1840.000	10.000	445.312	0.301
1850.000	10.000	445.312	0.301
1860.000	10.000	445.312	0.301
1870.000	10.000	484.375	0.311
1880.000	10.000	484.375	0.311
1890.000	10.000	517.578	0.321
1900.000	10.000	517.578	0.321
1910.000	10.000	498.047	0.310
1920.000	10.000	541.016	0.304
1930.000	10.000	541.016	0.304
1940.000	10.000	541.016	0.304
1950.000	10.000	544.922	0.312
1960.000	10.000	544.922	0.312
1970.000	10.000	544.922	0.312
1980.000	10.000	593.750	0.276
1990.000	10.000	593.750	0.276
2000.000	10.000	597.656	0.305
2010.000	10.000	597.656	0.305
2020.000	10.000	597.656	0.305
2030.000	10.000	597.656	0.305
2040.000	10.000	593.750	0.306
2050.000	10.000	593.750	0.306
2060.000	10.000	613.281	0.315
2070.000	10.000	613.281	0.315
2080.000	10.000	613.281	0.315
2090.000	10.000	611.328	0.310
2100.000	10.000	611.328	0.310
2110.000	10.000	644.531	0.296
2120.000	10.000	644.531	0.296
2130.000	10.000	644.531	0.296
2140.000	10.000	644.531	0.296
2150.000	10.000	644.531	0.296
2160.000	10.000	644.531	0.296
2170.000	10.000	644.531	0.296
2180.000	10.000	644.531	0.296
2190.000	10.000	644.531	0.296
2200.000	10.000	644.531	0.296
2210.000	10.000	644.531	0.296
2220.000	10.000	644.531	0.296
2230.000	10.000	644.531	0.296
2240.000	10.000	644.531	0.296
2250.000	10.000	644.531	0.296
2260.000	10.000	644.531	0.296
2270.000	10.000	644.531	0.296
2280.000	10.000	644.531	0.296
2290.000	10.000	644.531	0.296
2300.000	10.000	644.531	0.296
2310.000	10.000	644.531	0.296
2320.000	10.000	644.531	0.296
2330.000	10.000	804.687	0.302
2340.000	10.000	804.687	0.302
2350.000	10.000	804.687	0.302
2360.000	10.000	804.687	0.302
2370.000	10.000	804.687	0.302
2380.000	10.000	835.937	0.304
2390.000	10.000	835.937	0.304
2400.000	10.000	835.937	0.304
2410.000	10.000	857.422	0.318
2420.000	10.000	857.422	0.318
2430.000	10.000	857.422	0.318
2440.000	10.000	857.422	0.318
2450.000	10.000	857.422	0.318
2460.000	10.000	857.422	0.318
2470.000	10.000	857.422	0.318
2480.000	10.000	898.437	0.315
2490.000	10.000	898.437	0.315
2500.000	10.000	898.437	0.315
2510.000	10.000	898.437	0.315
2520.000	10.000	898.437	0.315
2530.000	10.000	898.437	0.315
2540.000	10.000	898.437	0.315
2550.000	10.000	898.437	0.315
2560.000	10.000	898.437	0.315
2570.000	10.000	958.984	0.309
2580.000	10.000	958.984	0.309
2590.000	10.000	958.984	0.309
2600.000	10.000	970.703	0.309
2610.000	10.000	978.516	0.317
2620.000	10.000	978.516	0.317
2630.000	10.000	978.516	0.317
2640.000	10.000	978.516	0.317
2650.000	10.000	978.516	0.317
2660.000	10.000	978.516	0.317
2670.000	10.000	978.516	0.317
2680.000	10.000	978.516	0.317
2690.000	10.000	978.516	0.317
2700.000	10.000	1037.109	0.318
2710.000	10.000	1037.109	0.318
2720.000	10.000	1037.109	0.318
2730.000	10.000	1037.109	0.318
2740.000	10.000	1037.109	0.318
2750.000	10.000	1037.109	0.318
2760.000	10.000	1037.109	0.318
2770.000	10.000	1037.109	0.318
2780.000	10.000	1037.109	0.318
2790.000	10.000	1037.109	0.318
2800.000	10.000	1037.109	0.318
2810.000	10.000	1037.109	0.318
2820.000	10.000	1037.109	0.318
2830.000	10.000	1037.109	0.318
2840.000	10.000	1037.109	0.318
2850.000	10.000	1142.578	0.285
2860.000	10.000	1142.578	0.285
2870.000	10.000	1142.578	0.285
2880.000	10.000	1142.578	0.285
2890.000	10.000	1142.578	0.285
2900.000	10.000	1150.391	0.306
2910.000	10.000	1150.391	0.306
2920.000	10.000	1150.391	0.306
2930.000	10.000	1150.391	0.306
2940.000	10.000	1150.391	0.306
2950.000	10.000	1150.391	0.306
2960.000	10.000	1150.391	0.306
2970.000	10.000	1222.656	0.306
2980.000	10.000	1222.656	0.306
2990.000	10.000	1216.797	0.292
3000.000	10.000	1216.797	0.292
3010.000	10.000	1216.797	0.292
3020.000	10.000	1216.797	0.292
3030.000	10.000	1216.797	0.292
3040.000	10.000	1216.797	0.292
3050.000	10.000	1216.797	0.292
3060.000	10.000	1216.797	0.292
3070.000	10.000	1216.797	0.292
3080.000	10.000	1216.797	0.292
3090.000	10.000	1216.797	0.292
3100.000	10.000	1281.250	0.297
3110.000	10.000	1281.250	0.297
3120.000	10.000	1281.250	0.297
3130.000	10.000	1281.250	0.297
3140.000	10.000	1281.250	0.297
3150.000	10.000	1281.250	0.297
3160.000	10.000	1281.250	0.297
3170.000	10.000	1281.250	0.297
3180.000	10.000	1281.250	0.297
3190.000	10.000	1281.250	0.297
3200.000	10.000	1281.250	0.297
3210.000	10.000	1351.562	0.302
3220.000	10.000	1351.562	0.302
3230.000	10.000	1351.562	0.302
3240.000	10.000	1351.562	0.302
3250.000	10.000	1351.562	0.302
3260.000	10.000	1386.719	0.306
3270.000	10.000	1371.094	0.293
3280.000	10.000	1376.953	0.317
3290.000	10.000	1376.953	0.317
3300.000	10.000	1376.953	0.317
3310.000	10.000	1376.953	0.317
3320.000	10.000	1376.953	0.317
3330.000	10.000	1376.953	0.317
3340.000	10.000	1376.953	0.317
3350.000	10.000	1376.953	0.317
3360.000	10.000	1376.953	0.317
3370.000	10.000	1376.953	0.317
3380.000	10.000	1376.953	0.317
3390.000	10.000	1376.953	0.317
3400.000	10.000	1376.953	0.317
3410.000	10.000	1462.891	0.309
3420.000	10.000	1455.078	0.290
3430.000	10.000	1490.234	0.291
3440.000	10.000	1490.234	0.291
3450.000	10.000	1490.234	0.291
3460.000	10.000	1490.234	0.291
3470.000	10.000	1490.234	0.291
3480.000	10.000	1490.234	0.291
3490.000	10.000	1490.234	0.291
3500.000	10.000	1505.859	0.307
3510.000	10.000	1531.250	0.300
3520.000	10.000	1498.047	0.298
3530.000	10.000	1498.047	0.298
3540.000	10.000	1498.047	0.298
3550.000	10.000	1535.156	0.297
3560.000	10.000	1560.547	0.305
3570.000	10.000	1560.547	0.305
3580.000	10.000	1560.547	0.305
3590.000	10.000	1560.547	0.305
3600.000	10.000	1560.547	0.305
3610.000	10.000	1582.031	0.306
3620.000	10.000	1583.984	0.306
3630.000	10.000	1583.984	0.306
3640.000	10.000	1583.984	0.306
3650.000	10.000	1583.984	0.306
3660.000	10.000	1583.984	0.306
3670.000	10.000	1583.984	0.306
3680.000	10.000	1583.984	0.306
3690.000	10.000	1583.984	0.306
3700.000	10.000	1583.984	0.306
3710.000	10.000	1583.984	0.306
3720.000	10.000	1583.984	0.306
3730.000	10.000	1642.578	0.293
3740.000	10.000	1642.578	0.293
3750.000	10.000	1652.344	0.308
3760.000	10.000	1652.344	0.308
3770.000	10.000	1679.687	0.301
3780.000	10.000	1679.687	0.301
3790.000	10.000	1679.687	0.301
3800.000	10.000	1679.687	0.301
3810.000	10.000	1679.687	0.301
3820.000	10.000	1685.547	0.294
3830.000	10.000	1685.547	0.294
3840.000	10.000	1685.547	0.294
3850.000	10.000	1685.547	0.294
3860.000	10.000	1703.125	0.302
3870.000	10.000	1703.125	0.302
3880.000	10.000	1703.125	0.302
3890.000	10.000	1703.125	0.302
3900.000	10.000	1703.125	0.302
3910.000	10.000	1720.703	0.303
3920.000	10.000	1720.703	0.303
3930.000	10.000	1769.531	0.309
3940.000	10.000	1763.672	0.306
3950.000	10.000	1763.672	0.306
3960.000	10.000	1763.672	0.306
3970.000	10.000	1763.672	0.306
3980.000	10.000	1763.672	0.306
3990.000	10.000	1763.672	0.306
4000.000	10.000	1763.672	0.306
4010.000	10.000	1761.719	0.314
4020.000	10.000	1761.719	0.314
4030.000	10.000	1761.719	0.314
4040.000	10.000	1761.719	0.314
4050.000	10.000	1761.719	0.314
4060.000	10.000	1761.719	0.314
4070.000	10.000	1761.719	0.314
4080.000	10.000	1761.719	0.314
4090.000	10.000	1761.719	0.314
4100.000	10.000	1845.703	0.289
4110.000	10.000	1849.609	0.301
4120.000	10.000	1849.609	0.301
4130.000	10.000	1867.187	0.303
4140.000	10.000	1867.187	0.303
4150.000	10.000	1867.187	0.303
4160.000	10.000	1867.187	0.303
4170.000	10.000	1892.578	0.303
4180.000	10.000	1886.719	0.328
4190.000	10.000	1886.719	0.328
4200.000	10.000	1886.719	0.328
4210.000	10.000	1886.719	0.328
4220.000	10.000	1886.719	0.328
4230.000	10.000	1886.719	0.328
4240.000	10.000	1886.719	0.328
4250.000	10.000	1886.719	0.328
4260.000	10.000	1886.719	0.328
4270.000	10.000	1886.719	0.328
4280.000	10.000	1945.312	0.296
4290.000	10.000	1935.547	0.298
4300.000	10.000	1935.547	0.298
4310.000	10.000	1935.547	0.298
4320.000	10.000	1935.547	0.298
4330.000	10.000	1980.469	0.310
4340.000	10.000	2007.812	0.309
4350.000	10.000	2007.812	0.309
4360.000	10.000	2007.812	0.309
4370.000	10.000	2007.812	0.309
4380.000	10.000	2007.812	0.309
4390.000	10.000	2007.812	0.309
4400.000	10.000	2007.812	0.309
4410.000	10.000	2007.812	0.309
4420.000	10.000	2007.812	0.309
4430.000	10.000	2007.812	0.309
4440.000	10.000	2007.812	0.309
4450.000	10.000	2015.625	0.326
4460.000	10.000	2015.625	0.326
4470.000	10.000	2015.625	0.326
4480.000	10.000	2015.625	0.326
4490.000	10.000	2015.625	0.326
4500.000	10.000	2015.625	0.326
4510.000	10.000	2015.625	0.326
4520.000	10.000	2015.625	0.326
4530.000	10.000	2052.734	0.286
4540.000	10.000	2080.078	0.297
4550.000	10.000	2080.078	0.297
4560.000	10.000	2080.078	0.297
4570.000	10.000	2080.078	0.297
4580.000	10.000	2080.078	0.297
4590.000	10.000	2080.078	0.297
4600.000	10.000	2080.078	0.297
4610.000	10.000	2080.078	0.297
4620.000	10.000	2080.078	0.297
4630.000	10.000	2080.078	0.297
4640.000	10.000	2146.484	0.297
4650.000	10.000	2146.484	0.297
4660.000	10.000	2146.484	0.297
4670.000	10.000	2146.484	0.297
4680.000	10.000	2146.484	0.297
4690.000	10.000	2146.484	0.297
4700.000	10.000	2181.641	0.300
4710.000	10.000	2181.641	0.300
4720.000	10.000	2181.641	0.300
4730.000	10.000	2181.641	0.300
4740.000	10.000	2179.687	0.296
4750.000	10.000	2179.687	0.296
4760.000	10.000	2179.687	0.296
4770.000	10.000	2179.687	0.296
4780.000	10.000	2199.219	0.319
4790.000	10.000	2236.328	0.283
4800.000	10.000	2236.328	0.283
4810.000	10.000	2236.328	0.283
4820.000	10.000	2236.328	0.283
4830.000	10.000	2236.328	0.283
4840.000	10.000	2236.328	0.283
4850.000	10.000	2236.328	0.283
4860.000	10.000	2236.328	0.283
4870.000	10.000	2236.328	0.283
4880.000	10.000	2236.328	0.283
4890.000	10.000	2259.766	0.306
4900.000	10.000	2259.766	0.306
4910.000	10.000	2259.766	0.306
4920.000	10.000	2261.719	0.311
4930.000	10.000	2261.719	0.311
4940.000	10.000	2261.719	0.311
4950.000	10.000	2261.719	0.311
4960.000	10.000	2261.719	0.311
4970.000	10.000	2261.719	0.311
4980.000	10.000	2320.312	0.303
4990.000	10.000	2314.453	0.294
5000.000	10.000	2314.453	0.294
5010.000	10.000	2314.453	0.294
5020.000	10.000	2314.453	0.294
5030.000	10.000	2314.453	0.294
5040.000	10.000	2314.453	0.294
5050.000	10.000	2314.453	0.294
5060.000	10.000	2314.453	0.294
5070.000	10.000	2314.453	0.294
5080.000	10.000	2314.453	0.294
5090.000	10.000	2314.453	0.294
5100.000	10.000	2314.453	0.294
5110.000	10.000	2314.453	0.294
5120.000	10.000	2314.453	0.294
5130.000	10.000	2314.453	0.294
5140.000	10.000	2314.453	0.294
5150.000	10.000	2314.453	0.294
5160.000	10.000	2314.453	0.294
5170.000	10.000	2314.453	0.294
5180.000	10.000	2314.453	0.294
5190.000	10.000	2314.453	0.294
5200.000	10.000	2314.453	0.294
5210.000	10.000	2314.453	0.294
5220.000	10.000	2314.453	0.294
5230.000	10.000	2314.453	0.294
5240.000	10.000	2314.453	0.294
5250.000	10.000	2453.125	0.300
5260.000	10.000	2453.125	0.300
5270.000	10.000	2439.453	0.304
5280.000	10.000	2439.453	0.304
5290.000	10.000	2433.594	0.304
5300.000	10.000	2462.891	0.305
5310.000	10.000	2462.891	0.305
5320.000	10.000	2462.891	0.305
5330.000	10.000	2462.891	0.305
5340.000	10.000	2462.891	0.305
5350.000	10.000	2462.891	0.305
5360.000	10.000	2462.891	0.305
5370.000	10.000	2462.891	0.305
5380.000	10.000	2462.891	0.305
5390.000	10.000	2462.891	0.305
5400.000	10.000	2462.891	0.305
5410.000	10.000	2462.891	0.305
5420.000	10.000	2462.891	0.305
5430.000	10.000	2462.891	0.305
5440.000	10.000	2462.891	0.305
5450.000	10.000	2533.203	0.297
5460.000	10.000	2533.203	0.297
5470.000	10.000	2533.203	0.297
5480.000	10.000	2533.203	0.297
5490.000	10.000	2533.203	0.297
5500.000	10.000	2533.203	0.297
5510.000	10.000	2533.203	0.297
5520.000	10.000	2533.203	0.297
5530.000	10.000	2533.203	0.297
5540.000	10.000	2533.203	0.297
5550.000	10.000	2533.203	0.297
5560.000	10.000	2593.750	0.290
5570.000	10.000	2593.750	0.290
5580.000	10.000	2593.750	0.290
5590.000	10.000	2593.750	0.290
5600.000	10.000	2593.750	0.290
5610.000	10.000	2593.750	0.290
5620.000	10.000	2613.281	0.296
5630.000	10.000	2613.281	0.296
5640.000	10.000	2613.281	0.296
5650.000	10.000	2613.281	0.296
5660.000	10.000	2613.281	0.296
5670.000	10.000	2613.281	0.296
5680.000	10.000	2613.281	0.296
5690.000	10.000	2613.281	0.296
5700.000	10.000	2613.281	0.296
5710.000	10.000	2613.281	0.296
5720.000	10.000	2613.281	0.296
5730.000	10.000	2613.281	0.296
5740.000	10.000	2613.281	0.296
5750.000	10.000	2613.281	0.296
5760.000	10.000	2613.281	0.296
5770.000	10.000	2613.281	0.296
5780.000	10.000	2613.281	0.296
5790.000	10.000	2613.281	0.296
5800.000	10.000	2613.281	0.296
5810.000	10.000	2687.500	0.312
5820.000	10.000	2687.500	0.312
5830.000	10.000	2687.500	0.312
5840.000	10.000	2687.500	0.312
5850.000	10.000	2687.500	0.312
5860.000	10.000	2744.141	0.292
5870.000	10.000	2744.141	0.292
5880.000	10.000	2742.187	0.302
5890.000	10.000	2742.187	0.302
5900.000	10.000	2742.187	0.302
5910.000	10.000	2765.625	0.291
5920.000	10.000	2775.391	0.307
5930.000	10.000	2775.391	0.307
5940.000	10.000	2775.391	0.307
5950.000	10.000	2775.391	0.307
5960.000	10.000	2773.437	0.293
5970.000	10.000	2773.437	0.293
5980.000	10.000	2773.437	0.293
5990.000	10.000	2773.437	0.293
6000.000	10.000	2773.437	0.293
6010.000	10.000	2773.437	0.293
6020.000	10.000	2773.437	0.293
6030.000	10.000	2773.437	0.293
6040.000	10.000	2773.437	0.293
6050.000	10.000	2773.437	0.293
6060.000	10.000	2773.437	0.293
6070.000	10.000	2773.437	0.293
6080.000	10.000	2773.437	0.293
6090.000	10.000	2773.437	0.293
6100.000	10.000	2773.437	0.293
6110.000	10.000	2773.437	0.293
6120.000	10.000	2773.437	0.293
6130.000	10.000	2773.437	0.293
6140.000	10.000	2773.437	0.293
6150.000	10.000	2773.437	0.293
6160.000	10.000	2859.375	0.316
6170.000	10.000	2859.375	0.316
6180.000	10.000	2859.375	0.316
6190.000	10.000	2859.375	0.316
6200.000	10.000	2859.375	0.316
6210.000	10.000	2859.375	0.316
6220.000	10.000	2859.375	0.316
6230.000	10.000	2859.375	0.316
6240.000	10.000	2859.375	0.316
6250.000	10.000	2857.422	0.048
6260.000	10.000	2857.422	0.048
6270.000	10.000	2857.422	0.048
6280.000	10.000	2857.422	0.048
6290.000	10.000	2832.031	0.014
6300.000	10.000	2832.031	0.014
6310.000	10.000	2832.031	0.014
6320.000	10.000	2833.984	0.020
6330.000	10.000	2833.984	0.020
6340.000	10.000	2833.984	0.020
6350.000	10.000	2818.359	0.010
6360.000	10.000	2818.359	0.010
6370.000	10.000	2818.359	0.010
6380.000	10.000	2816.406	0.016
6390.000	10.000	2816.406	0.016
6400.000	10.000	2816.406	0.016
6410.000	10.000	2816.406	0.016
6420.000	10.000	2816.406	0.016
6430.000	10.000	2771.484	0.010
6440.000	10.000	2771.484	0.010
6450.000	10.000	2763.672	0.009
6460.000	10.000	2763.672	0.009
6470.000	10.000	2763.672	0.009
6480.000	10.000	2763.672	0.009
6490.000	10.000	2763.672	0.009
6500.000	10.000	2763.672	0.009
6510.000	10.000	2763.672	0.009
6520.000	10.000	2763.672	0.009
6530.000	10.000	2763.672	0.009
6540.000	10.000	2763.672	0.009
6550.000	10.000	2763.672	0.009
6560.000	10.000	2763.672	0.009
6570.000	10.000	2718.750	0.005
6580.000	10.000	2714.844	0.008
6590.000	10.000	2714.844	0.008
6600.000	10.000	2718.750	0.013
6610.000	10.000	2673.828	-0.001
6620.000	10.000	2673.828	-0.001
6630.000	10.000	2673.828	-0.001
6640.000	10.000	2673.828	-0.001
6650.000	10.000	2673.828	-0.001
6660.000	10.000	2673.828	-0.001
6670.000	10.000	2673.828	-0.001
6680.000	10.000	2673.828	-0.001
6690.000	10.000	2673.828	-0.001
6700.000	10.000	2673.828	-0.001
6710.000	10.000	2673.828	-0.001
6720.000	10.000	2673.828	-0.001
6730.000	10.000	2673.828	-0.001
6740.000	10.000	2673.828	-0.001
6750.000	10.000	2673.828	-0.001
6760.000	10.000	2673.828	-0.001
6770.000	10.000	2673.828	-0.001
6780.000	10.000	2673.828	-0.001
6790.000	10.000	2673.828	-0.001
6800.000	10.000	2673.828	-0.001
6810.000	10.000	2673.828	-0.001
6820.000	10.000	2673.828	-0.001
6830.000	10.000	2673.828	-0.001
6840.000	10.000	2673.828	-0.001
6850.000	10.000	2673.828	-0.001
6860.000	10.000	2673.828	-0.001
6870.000	10.000	2673.828	-0.001
6880.000	10.000	2673.828	-0.001
6890.000	10.000	2673.828	-0.001
6900.000	10.000	2673.828	-0.001
6910.000	10.000	2673.828	-0.001
6920.000	10.000	2673.828	-0.001
6930.000	10.000	2673.828	-0.001
6940.000	10.000	2673.828	-0.001
6950.000	10.000	2673.828	-0.001
6960.000	10.000	2673.828	-0.001
6970.000	10.000	2673.828	-0.001
6980.000	10.000	2673.828	-0.001
6990.000	10.000	2673.828	-0.001
7000.000	10.000	2673.828	-0.001
7010.000	10.000	2535.156	0.004
