% Time (s)	Gyro Output (degs/s)	Input Rate (rad/s)	%2/2/201810:58 AM
0.000	0.000	0.000
7423.950	0.240	0.000
7423.960	0.010	0.000
7424.110	-23.110	3.809
7424.220	-43.350	7.442
7424.230	-44.620	8.028
7424.300	-54.130	9.741
7424.310	-55.650	9.961
7424.330	-56.640	10.400
7424.340	-58.110	10.400
7424.360	-61.890	10.767
7424.370	-63.020	11.646
7424.580	-85.240	15.607
7424.630	-86.580	16.633
7424.640	-87.300	16.340
7424.650	-87.340	16.559
7424.680	-87.670	17.041
7424.720	-88.410	17.114
7424.840	-89.070	17.285
7425.180	-68.970	14.277
7425.200	-68.150	13.758
7425.470	-23.170	5.566
7425.780	40.040	-6.556
7425.790	42.850	-6.989
7425.800	44.910	-7.722
7425.950	79.320	-14.449
7426.210	132.370	-24.756
7426.440	180.970	-33.476
7426.460	181.630	-34.428
7426.560	199.340	-37.500
7426.570	199.880	-37.866
7426.820	229.250	-44.101
7426.940	240.500	-45.430
7426.950	239.340	-45.577
7426.960	240.720	-45.650
7426.970	241.400	-45.796
7426.980	240.530	-45.943
7427.000	242.430	-46.362
7427.020	244.680	-46.509
7427.050	246.160	-47.095
7427.060	245.640	-47.314
7427.200	253.210	-48.633
7427.260	256.030	-48.773
7427.270	255.710	-48.919
7427.280	258.200	-48.992
7427.290	256.720	-49.212
7427.300	258.350	-49.139
7427.360	260.620	-50.420
7427.390	261.340	-50.672
7427.400	260.390	-50.672
7427.440	262.410	-50.470
7427.500	261.770	-50.717
7427.520	262.220	-51.294
7427.540	260.380	-51.294
7427.580	261.250	-50.668
7427.590	259.160	-50.815
7427.630	257.360	-50.351
7427.700	252.890	-50.246
7427.710	252.230	-50.172
7427.740	249.510	-49.953
7427.870	235.610	-46.436
7427.940	222.690	-43.919
7427.960	218.200	-43.300
7428.060	196.920	-39.107
7428.500	84.290	-18.091
7428.810	1.110	-1.611
7428.820	-2.310	-1.025
7428.850	-10.070	0.513
7428.900	-20.190	2.856
7429.440	-116.780	21.606
7429.530	-130.190	24.471
7429.730	-149.970	28.092
7429.740	-152.410	28.711
7429.750	-153.080	28.857
7429.770	-152.680	29.346
7429.780	-154.100	29.346
7430.070	-164.450	31.886
7430.080	-163.410	31.740
7430.160	-159.660	31.242
7430.280	-145.280	29.177
7430.970	11.770	-0.814
7431.070	39.870	-5.974
7431.270	83.930	-14.735
7431.510	135.670	-24.976
7431.530	137.790	-25.708
7431.670	163.290	-30.748
7431.690	167.730	-31.301
7431.740	175.130	-33.675
7431.800	183.580	-34.948
7431.820	185.340	-35.453
7431.950	196.370	-37.700
7431.970	200.260	-38.067
7432.000	201.560	-38.693
7432.070	204.670	-39.202
7432.080	203.920	-39.422
7432.090	205.310	-39.202
7432.140	206.240	-40.063
7432.160	206.680	-39.347
7432.220	206.650	-39.860
7432.260	206.790	-39.697
7432.290	206.470	-39.844
7432.640	197.830	-38.186
7432.680	195.760	-38.454
7432.690	195.160	-38.235
7432.720	193.700	-38.062
7432.750	190.580	-37.695
7432.810	185.720	-36.475
7432.860	180.880	-35.815
7432.990	163.880	-32.666
7433.020	161.270	-32.007
7433.040	161.590	-31.567
7433.050	159.070	-31.567
7433.220	131.910	-26.207
7433.570	52.780	-10.961
7433.580	49.880	-10.961
7433.610	43.460	-9.969
7433.660	30.610	-7.259
7433.670	27.320	-6.885
7433.820	-6.500	-0.073
7433.880	-18.660	2.490
7433.890	-20.740	3.003
7434.020	-45.030	7.544
7434.030	-45.700	8.130
7434.300	-86.670	15.992
7434.320	-89.620	16.358
7434.360	-92.060	17.763
7434.370	-94.210	17.617
7434.600	-110.980	21.313
7434.610	-110.190	21.680
7434.680	-112.200	21.460
7434.800	-111.470	21.891
7434.860	-108.870	21.107
7434.870	-109.100	21.254
7434.930	-105.330	20.814
7434.970	-102.620	20.646
7435.060	-95.580	19.255
7435.120	-88.920	17.938
7435.130	-88.400	17.425
7435.150	-84.600	17.059
7435.170	-83.150	16.992
7435.190	-80.910	16.333
7435.290	-67.980	13.713
7435.310	-63.360	13.127
7435.340	-59.040	12.524
7435.650	0.090	1.170
7435.670	4.300	0.471
7436.500	190.280	-36.182
7436.520	195.160	-36.854
7436.530	198.370	-36.854
7436.540	200.140	-37.220
7436.550	200.780	-37.587
7436.570	203.140	-38.319
7436.580	206.300	-38.392
7436.700	228.640	-42.846
7436.710	228.620	-43.066
7436.920	251.600	-48.120
7437.040	259.070	-49.345
7437.050	258.880	-49.199
7437.100	259.040	-50.488
7437.160	260.810	-50.708
7437.190	261.430	-50.537
7437.370	265.170	-50.903
7437.440	264.410	-51.425
7437.520	264.380	-51.453
7437.530	263.830	-51.453
7437.580	263.630	-51.270
7437.610	262.540	-51.196
7437.630	261.740	-51.196
7437.660	260.670	-50.737
7437.680	259.130	-50.371
7437.720	257.050	-50.346
7437.770	254.380	-50.659
7437.810	249.960	-49.512
7437.850	246.810	-48.706
7437.900	239.960	-47.168
7438.180	186.920	-37.720
7438.220	176.470	-35.596
7438.580	76.620	-16.613
7438.590	73.950	-16.027
7438.620	63.650	-14.269
7438.800	15.930	-4.468
7438.850	2.960	-2.257
7438.880	-1.610	-0.573
7438.930	-15.280	1.611
7438.950	-17.220	2.344
7438.990	-26.950	4.102
7439.000	-29.610	4.468
7439.140	-57.390	9.595
7439.150	-58.800	10.194
7439.170	-62.310	10.935
7439.230	-73.180	12.746
7439.240	-74.940	13.405
7439.400	-102.680	18.530
7439.420	-105.180	19.556
7439.530	-120.470	22.559
7439.550	-123.450	23.071
7439.560	-123.490	23.071
7439.630	-132.820	24.756
7439.720	-140.700	26.347
7439.760	-143.650	27.344
7439.780	-142.760	27.856
7439.790	-144.960	27.670
7439.800	-145.450	27.597
7439.830	-146.980	28.036
7439.860	-146.140	28.012
7439.890	-146.490	28.271
7439.980	-146.180	28.500
7440.040	-144.320	28.349
7440.180	-133.870	26.864
7440.940	57.590	-10.880
7440.950	58.470	-10.807
7440.970	60.230	-11.173
7441.010	63.310	-11.685
7441.020	64.070	-12.158
7441.050	65.710	-12.305
7441.080	67.170	-12.524
7441.100	68.930	-13.110
7441.120	70.090	-12.891
7441.140	70.710	-13.330
7441.170	72.890	-13.843
7441.190	74.330	-13.989
7441.200	74.770	-14.193
7441.240	75.980	-14.655
7441.280	78.720	-14.875
7441.290	79.090	-14.948
7441.460	85.560	-16.434
7441.470	86.310	-16.434
7441.480	86.660	-16.414
7441.490	87.210	-16.633
7441.640	90.850	-17.504
7441.660	90.580	-17.284
7441.780	92.290	-17.773
7441.790	91.980	-17.773
7441.820	92.230	-17.847
7441.850	93.200	-17.851
7441.860	93.280	-17.851
7441.870	93.050	-17.631
7441.880	92.380	-17.631
7441.890	92.200	-17.924
7441.910	92.320	-17.631
7441.920	92.760	-17.778
7441.960	92.210	-17.578
7442.010	92.640	-17.928
7442.050	91.400	-18.075
7442.150	90.430	-17.392
7442.190	89.970	-17.457
7442.210	89.080	-17.716
7442.310	88.120	-17.065
7442.320	87.980	-17.212
7442.330	87.660	-16.992
7442.340	87.210	-16.919
7442.350	86.960	-16.919
7442.380	86.170	-16.626
7442.410	84.610	-16.479
7442.430	83.820	-16.479
7442.480	80.780	-15.967
7442.520	79.470	-15.161
7442.600	72.630	-14.282
7442.630	69.220	-13.843
7442.660	67.190	-13.550
7442.730	58.690	-12.012
7442.930	34.720	-7.031
7442.970	26.980	-6.299
7443.040	14.510	-3.955
7443.450	-65.450	11.557
7443.530	-80.770	14.429
7443.970	-172.080	32.642
7443.980	-172.870	32.642
7444.070	-192.140	35.699
7444.270	-216.800	41.062
7444.320	-218.300	42.578
7444.330	-220.480	42.725
7444.390	-221.060	42.869
7444.400	-221.850	43.162
7444.460	-221.700	43.774
7444.490	-221.760	43.066
7444.510	-222.100	42.993
7444.520	-221.290	42.993
7444.560	-221.550	43.066
7444.600	-220.740	43.140
7444.610	-219.040	43.140
7444.620	-219.960	42.773
7444.660	-218.920	42.301
7444.900	-215.730	41.382
7444.910	-214.500	41.528
7444.950	-213.630	41.162
7444.980	-213.020	40.796
7445.000	-211.830	41.016
7445.060	-208.870	40.356
7445.120	-205.860	39.796
7445.180	-203.100	39.051
7445.200	-202.700	38.977
7445.210	-200.600	39.131
7445.400	-187.870	36.455
7445.510	-176.000	35.059
7445.520	-174.080	34.692
7445.860	-106.590	22.070
7446.220	0.550	1.611
7446.700	94.390	-17.035
7446.820	112.260	-20.679
7446.840	114.200	-21.484
7446.940	124.620	-23.463
7447.080	134.690	-25.821
7447.090	133.580	-26.041
7447.370	135.680	-26.221
7447.400	133.750	-26.440
7447.430	132.460	-25.854
7447.450	132.860	-25.342
7447.460	131.060	-25.488
