%Time [ms]	Commanded Torque [mNm]	Angular Velocity [rpm]	Actual Current [Amp]	%2/2/201811:04 AM
0.000	0.000	0.000	0.000
0.000	10.000	-11.719	0.009
10.000	10.000	-11.719	0.009
20.000	10.000	-11.719	0.009
30.000	10.000	19.531	0.009
40.000	10.000	19.531	0.009
50.000	10.000	35.156	0.019
60.000	10.000	35.156	0.019
70.000	10.000	-19.531	0.002
80.000	10.000	-19.531	0.002
90.000	10.000	-19.531	0.002
100.000	10.000	11.719	0.012
110.000	10.000	11.719	0.012
120.000	10.000	11.719	0.012
130.000	10.000	11.719	0.012
140.000	10.000	11.719	0.012
150.000	10.000	-3.906	0.006
160.000	10.000	-3.906	0.006
170.000	10.000	-3.906	0.006
180.000	10.000	0.000	0.005
190.000	10.000	0.000	0.005
200.000	10.000	0.000	0.005
210.000	10.000	7.812	-0.012
220.000	10.000	7.812	-0.012
230.000	10.000	7.812	-0.012
240.000	10.000	7.812	-0.012
250.000	10.000	7.812	-0.012
260.000	10.000	7.812	-0.012
270.000	10.000	-23.437	0.009
280.000	10.000	17.578	0.017
290.000	10.000	17.578	0.017
300.000	10.000	23.437	0.009
310.000	10.000	9.766	0.007
320.000	10.000	9.766	0.007
330.000	10.000	0.000	-0.002
340.000	10.000	0.000	-0.002
350.000	10.000	11.719	0.027
360.000	10.000	11.719	0.027
370.000	10.000	11.719	0.027
380.000	10.000	11.719	0.027
390.000	10.000	11.719	0.027
400.000	10.000	11.719	0.027
410.000	10.000	11.719	0.027
420.000	10.000	5.859	0.017
430.000	10.000	5.859	0.017
440.000	10.000	5.859	0.017
450.000	10.000	5.859	0.017
460.000	10.000	-5.859	-0.015
470.000	10.000	-25.391	0.005
480.000	10.000	-25.391	0.005
490.000	10.000	-25.391	0.005
500.000	10.000	-25.391	0.005
510.000	10.000	-25.391	0.005
520.000	10.000	-25.391	0.005
530.000	10.000	-25.391	0.005
540.000	10.000	23.437	0.028
550.000	10.000	23.437	0.028
560.000	10.000	-3.906	-0.010
570.000	10.000	-3.906	-0.010
580.000	10.000	-3.906	-0.010
590.000	10.000	-3.906	-0.010
600.000	10.000	-3.906	-0.010
610.000	10.000	-3.906	-0.010
620.000	10.000	-3.906	-0.010
630.000	10.000	-7.812	0.013
640.000	10.000	-7.812	0.013
650.000	10.000	-7.812	0.013
660.000	10.000	23.437	0.015
670.000	10.000	15.625	0.015
680.000	10.000	15.625	0.015
690.000	10.000	9.766	0.003
700.000	10.000	9.766	0.003
710.000	10.000	9.766	0.003
720.000	10.000	-17.578	0.015
730.000	10.000	-17.578	0.015
740.000	10.000	19.531	0.012
750.000	10.000	19.531	0.012
760.000	10.000	-3.906	0.014
770.000	10.000	-3.906	0.014
780.000	10.000	-3.906	0.014
790.000	10.000	-3.906	0.014
800.000	10.000	-3.906	0.014
810.000	10.000	19.531	0.017
820.000	10.000	19.531	0.017
830.000	10.000	19.531	0.017
840.000	10.000	19.531	0.017
850.000	10.000	19.531	0.017
860.000	10.000	19.531	0.017
870.000	10.000	19.531	0.017
880.000	10.000	19.531	0.017
890.000	10.000	19.531	0.017
900.000	10.000	19.531	0.017
910.000	10.000	19.531	0.017
920.000	10.000	19.531	0.017
930.000	10.000	19.531	0.017
940.000	10.000	19.531	0.017
950.000	10.000	19.531	0.017
960.000	10.000	19.531	0.017
970.000	10.000	19.531	0.017
980.000	10.000	19.531	0.017
990.000	10.000	19.531	0.017
1000.000	10.000	19.531	0.017
1010.000	10.000	19.531	0.017
1020.000	10.000	19.531	0.017
1030.000	10.000	19.531	0.017
1040.000	10.000	19.531	0.017
1050.000	10.000	19.531	0.017
1060.000	10.000	-25.391	0.006
1070.000	10.000	1.953	0.300
1080.000	10.000	1.953	0.300
1090.000	10.000	25.391	0.282
1100.000	10.000	25.391	0.282
1110.000	10.000	25.391	0.282
1120.000	10.000	25.391	0.282
1130.000	10.000	25.391	0.282
1140.000	10.000	25.391	0.282
1150.000	10.000	3.906	0.313
1160.000	10.000	3.906	0.313
1170.000	10.000	25.391	0.303
1180.000	10.000	25.391	0.303
1190.000	10.000	25.391	0.303
1200.000	10.000	70.312	0.299
1210.000	10.000	70.312	0.299
1220.000	10.000	70.312	0.299
1230.000	10.000	70.312	0.299
1240.000	10.000	70.312	0.299
1250.000	10.000	103.516	0.314
1260.000	10.000	136.719	0.317
1270.000	10.000	136.719	0.317
1280.000	10.000	136.719	0.317
1290.000	10.000	136.719	0.317
1300.000	10.000	150.391	0.304
1310.000	10.000	150.391	0.304
1320.000	10.000	150.391	0.304
1330.000	10.000	193.359	0.317
1340.000	10.000	193.359	0.317
1350.000	10.000	201.172	0.328
1360.000	10.000	201.172	0.328
1370.000	10.000	201.172	0.328
1380.000	10.000	189.453	0.317
1390.000	10.000	189.453	0.317
1400.000	10.000	189.453	0.317
1410.000	10.000	189.453	0.317
1420.000	10.000	193.359	0.323
1430.000	10.000	214.844	0.288
1440.000	10.000	214.844	0.288
1450.000	10.000	214.844	0.288
1460.000	10.000	214.844	0.288
1470.000	10.000	214.844	0.288
1480.000	10.000	214.844	0.288
1490.000	10.000	214.844	0.288
1500.000	10.000	294.922	0.340
1510.000	10.000	294.922	0.340
1520.000	10.000	294.922	0.340
1530.000	10.000	294.922	0.340
1540.000	10.000	294.922	0.340
1550.000	10.000	294.922	0.340
1560.000	10.000	294.922	0.340
1570.000	10.000	294.922	0.340
1580.000	10.000	294.922	0.340
1590.000	10.000	294.922	0.340
1600.000	10.000	294.922	0.340
1610.000	10.000	380.859	0.281
1620.000	10.000	380.859	0.281
1630.000	10.000	380.859	0.281
1640.000	10.000	380.859	0.281
1650.000	10.000	380.859	0.281
1660.000	10.000	380.859	0.281
1670.000	10.000	380.859	0.281
1680.000	10.000	380.859	0.281
1690.000	10.000	380.859	0.281
1700.000	10.000	380.859	0.281
1710.000	10.000	380.859	0.281
1720.000	10.000	380.859	0.281
1730.000	10.000	380.859	0.281
1740.000	10.000	380.859	0.281
1750.000	10.000	380.859	0.281
1760.000	10.000	380.859	0.281
1770.000	10.000	380.859	0.281
1780.000	10.000	476.562	0.378
1790.000	10.000	476.562	0.378
1800.000	10.000	476.562	0.378
1810.000	10.000	488.281	0.294
1820.000	10.000	488.281	0.294
1830.000	10.000	507.812	0.293
1840.000	10.000	507.812	0.293
1850.000	10.000	507.812	0.293
1860.000	10.000	507.812	0.293
1870.000	10.000	513.672	0.353
1880.000	10.000	550.781	0.333
1890.000	10.000	550.781	0.333
1900.000	10.000	550.781	0.333
1910.000	10.000	550.781	0.333
1920.000	10.000	550.781	0.333
1930.000	10.000	550.781	0.333
1940.000	10.000	550.781	0.333
1950.000	10.000	550.781	0.333
1960.000	10.000	550.781	0.333
1970.000	10.000	550.781	0.333
1980.000	10.000	550.781	0.333
1990.000	10.000	550.781	0.333
2000.000	10.000	550.781	0.333
2010.000	10.000	550.781	0.333
2020.000	10.000	550.781	0.333
2030.000	10.000	589.844	0.313
2040.000	10.000	589.844	0.313
2050.000	10.000	589.844	0.313
2060.000	10.000	589.844	0.313
2070.000	10.000	589.844	0.313
2080.000	10.000	589.844	0.313
2090.000	10.000	589.844	0.313
2100.000	10.000	712.891	0.316
2110.000	10.000	722.656	0.250
2120.000	10.000	722.656	0.250
2130.000	10.000	689.453	0.289
2140.000	10.000	689.453	0.289
2150.000	10.000	689.453	0.289
2160.000	10.000	689.453	0.289
2170.000	10.000	689.453	0.289
2180.000	10.000	726.562	0.250
2190.000	10.000	726.562	0.250
2200.000	10.000	726.562	0.250
2210.000	10.000	726.562	0.250
2220.000	10.000	757.812	0.263
2230.000	10.000	757.812	0.263
2240.000	10.000	757.812	0.263
2250.000	10.000	757.812	0.263
2260.000	10.000	769.531	0.282
2270.000	10.000	769.531	0.282
2280.000	10.000	769.531	0.282
2290.000	10.000	769.531	0.282
2300.000	10.000	820.312	0.291
2310.000	10.000	794.922	0.295
2320.000	10.000	794.922	0.295
2330.000	10.000	794.922	0.295
2340.000	10.000	794.922	0.295
2350.000	10.000	794.922	0.295
2360.000	10.000	794.922	0.295
2370.000	10.000	794.922	0.295
2380.000	10.000	843.750	0.303
2390.000	10.000	843.750	0.303
2400.000	10.000	843.750	0.303
2410.000	10.000	843.750	0.303
2420.000	10.000	843.750	0.303
2430.000	10.000	843.750	0.303
2440.000	10.000	843.750	0.303
2450.000	10.000	843.750	0.303
2460.000	10.000	902.344	0.254
2470.000	10.000	902.344	0.254
2480.000	10.000	902.344	0.254
2490.000	10.000	902.344	0.254
2500.000	10.000	902.344	0.254
2510.000	10.000	902.344	0.254
2520.000	10.000	902.344	0.254
2530.000	10.000	957.031	0.302
2540.000	10.000	957.031	0.302
2550.000	10.000	916.016	0.311
2560.000	10.000	916.016	0.311
2570.000	10.000	916.016	0.311
2580.000	10.000	916.016	0.311
2590.000	10.000	916.016	0.311
2600.000	10.000	916.016	0.311
2610.000	10.000	916.016	0.311
2620.000	10.000	1005.859	0.372
2630.000	10.000	1005.859	0.372
2640.000	10.000	1005.859	0.372
2650.000	10.000	1005.859	0.372
2660.000	10.000	1005.859	0.372
2670.000	10.000	1005.859	0.372
2680.000	10.000	1005.859	0.372
2690.000	10.000	1005.859	0.372
2700.000	10.000	1005.859	0.372
2710.000	10.000	1005.859	0.372
2720.000	10.000	1060.547	0.302
2730.000	10.000	1031.250	0.246
2740.000	10.000	1031.250	0.246
2750.000	10.000	1031.250	0.246
2760.000	10.000	1031.250	0.246
2770.000	10.000	1091.797	0.291
2780.000	10.000	1056.641	0.259
2790.000	10.000	1056.641	0.259
2800.000	10.000	1056.641	0.259
2810.000	10.000	1056.641	0.259
2820.000	10.000	1056.641	0.259
2830.000	10.000	1056.641	0.259
2840.000	10.000	1056.641	0.259
2850.000	10.000	1056.641	0.259
2860.000	10.000	1056.641	0.259
2870.000	10.000	1056.641	0.259
2880.000	10.000	1056.641	0.259
2890.000	10.000	1056.641	0.259
2900.000	10.000	1158.203	0.305
2910.000	10.000	1158.203	0.305
2920.000	10.000	1158.203	0.305
2930.000	10.000	1171.875	0.266
2940.000	10.000	1171.875	0.266
2950.000	10.000	1189.453	0.271
2960.000	10.000	1189.453	0.271
2970.000	10.000	1189.453	0.271
2980.000	10.000	1189.453	0.271
2990.000	10.000	1189.453	0.271
3000.000	10.000	1189.453	0.271
3010.000	10.000	1189.453	0.271
3020.000	10.000	1226.562	0.304
3030.000	10.000	1214.844	0.376
3040.000	10.000	1214.844	0.376
3050.000	10.000	1214.844	0.376
3060.000	10.000	1214.844	0.376
3070.000	10.000	1267.578	0.265
3080.000	10.000	1267.578	0.265
3090.000	10.000	1267.578	0.265
3100.000	10.000	1267.578	0.265
3110.000	10.000	1267.578	0.265
3120.000	10.000	1300.781	0.422
3130.000	10.000	1300.781	0.422
3140.000	10.000	1300.781	0.422
3150.000	10.000	1300.781	0.422
3160.000	10.000	1300.781	0.422
3170.000	10.000	1308.594	0.325
3180.000	10.000	1308.594	0.325
3190.000	10.000	1308.594	0.325
3200.000	10.000	1349.609	0.302
3210.000	10.000	1349.609	0.302
3220.000	10.000	1349.609	0.302
3230.000	10.000	1349.609	0.302
3240.000	10.000	1349.609	0.302
3250.000	10.000	1349.609	0.302
3260.000	10.000	1388.672	0.409
3270.000	10.000	1388.672	0.259
3280.000	10.000	1388.672	0.259
3290.000	10.000	1388.672	0.259
3300.000	10.000	1388.672	0.259
3310.000	10.000	1388.672	0.259
3320.000	10.000	1388.672	0.259
3330.000	10.000	1388.672	0.259
3340.000	10.000	1388.672	0.259
3350.000	10.000	1388.672	0.259
3360.000	10.000	1388.672	0.259
3370.000	10.000	1388.672	0.259
3380.000	10.000	1388.672	0.259
3390.000	10.000	1388.672	0.259
3400.000	10.000	1388.672	0.259
3410.000	10.000	1388.672	0.259
3420.000	10.000	1388.672	0.259
3430.000	10.000	1388.672	0.259
3440.000	10.000	1484.375	0.409
3450.000	10.000	1484.375	0.409
3460.000	10.000	1484.375	0.409
3470.000	10.000	1484.375	0.409
3480.000	10.000	1484.375	0.409
3490.000	10.000	1486.328	0.259
3500.000	10.000	1486.328	0.259
3510.000	10.000	1511.719	0.414
3520.000	10.000	1511.719	0.414
3530.000	10.000	1511.719	0.414
3540.000	10.000	1511.719	0.414
3550.000	10.000	1511.719	0.414
3560.000	10.000	1511.719	0.414
3570.000	10.000	1544.922	0.377
3580.000	10.000	1544.922	0.377
3590.000	10.000	1544.922	0.377
3600.000	10.000	1544.922	0.377
3610.000	10.000	1544.922	0.377
3620.000	10.000	1580.078	0.433
3630.000	10.000	1582.031	0.265
3640.000	10.000	1582.031	0.265
3650.000	10.000	1591.797	0.368
3660.000	10.000	1580.078	0.375
3670.000	10.000	1580.078	0.375
3680.000	10.000	1580.078	0.375
3690.000	10.000	1580.078	0.375
3700.000	10.000	1582.031	0.284
3710.000	10.000	1582.031	0.284
3720.000	10.000	1582.031	0.284
3730.000	10.000	1615.234	0.284
3740.000	10.000	1615.234	0.284
3750.000	10.000	1615.234	0.284
3760.000	10.000	1615.234	0.284
3770.000	10.000	1679.687	0.351
3780.000	10.000	1667.969	0.212
3790.000	10.000	1667.969	0.212
3800.000	10.000	1667.969	0.212
3810.000	10.000	1667.969	0.212
3820.000	10.000	1681.641	0.279
3830.000	10.000	1675.781	0.345
3840.000	10.000	1675.781	0.345
3850.000	10.000	1679.687	0.239
3860.000	10.000	1679.687	0.239
3870.000	10.000	1679.687	0.239
3880.000	10.000	1679.687	0.239
3890.000	10.000	1679.687	0.239
3900.000	10.000	1679.687	0.239
3910.000	10.000	1679.687	0.239
3920.000	10.000	1679.687	0.239
3930.000	10.000	1679.687	0.239
3940.000	10.000	1679.687	0.239
3950.000	10.000	1753.906	0.270
3960.000	10.000	1753.906	0.270
3970.000	10.000	1753.906	0.270
3980.000	10.000	1753.906	0.270
3990.000	10.000	1753.906	0.270
4000.000	10.000	1753.906	0.270
4010.000	10.000	1753.906	0.270
4020.000	10.000	1753.906	0.270
4030.000	10.000	1753.906	0.270
4040.000	10.000	1753.906	0.270
4050.000	10.000	1753.906	0.270
4060.000	10.000	1753.906	0.270
4070.000	10.000	1753.906	0.270
4080.000	10.000	1753.906	0.270
4090.000	10.000	1753.906	0.270
4100.000	10.000	1814.453	0.312
4110.000	10.000	1820.312	0.393
4120.000	10.000	1820.312	0.393
4130.000	10.000	1820.312	0.393
4140.000	10.000	1820.312	0.393
4150.000	10.000	1820.312	0.393
4160.000	10.000	1820.312	0.393
4170.000	10.000	1820.312	0.393
4180.000	10.000	1865.234	0.440
4190.000	10.000	1865.234	0.440
4200.000	10.000	1902.344	0.247
4210.000	10.000	1902.344	0.247
4220.000	10.000	1902.344	0.247
4230.000	10.000	1902.344	0.247
4240.000	10.000	1902.344	0.247
4250.000	10.000	1902.344	0.247
4260.000	10.000	1902.344	0.247
4270.000	10.000	1902.344	0.247
4280.000	10.000	1902.344	0.247
4290.000	10.000	1902.344	0.247
4300.000	10.000	1902.344	0.247
4310.000	10.000	1902.344	0.247
4320.000	10.000	1902.344	0.247
4330.000	10.000	1902.344	0.247
4340.000	10.000	1902.344	0.247
4350.000	10.000	1949.219	0.264
4360.000	10.000	1949.219	0.264
4370.000	10.000	1949.219	0.264
4380.000	10.000	1949.219	0.264
4390.000	10.000	1949.219	0.264
4400.000	10.000	1949.219	0.264
4410.000	10.000	1949.219	0.264
4420.000	10.000	1949.219	0.264
4430.000	10.000	1949.219	0.264
4440.000	10.000	1949.219	0.264
4450.000	10.000	1949.219	0.264
4460.000	10.000	1949.219	0.264
4470.000	10.000	1974.609	0.238
4480.000	10.000	1974.609	0.238
4490.000	10.000	2019.531	0.383
4500.000	10.000	2019.531	0.383
4510.000	10.000	2019.531	0.383
4520.000	10.000	2044.922	0.278
4530.000	10.000	2044.922	0.278
4540.000	10.000	2044.922	0.278
4550.000	10.000	2044.922	0.278
4560.000	10.000	2044.922	0.278
4570.000	10.000	2044.922	0.278
4580.000	10.000	2048.828	0.291
4590.000	10.000	2099.609	0.271
4600.000	10.000	2041.016	0.384
4610.000	10.000	2058.594	0.296
4620.000	10.000	2058.594	0.296
4630.000	10.000	2105.469	0.364
4640.000	10.000	2105.469	0.364
4650.000	10.000	2082.031	0.476
4660.000	10.000	2082.031	0.476
4670.000	10.000	2119.141	0.178
4680.000	10.000	2121.094	0.430
4690.000	10.000	2121.094	0.430
4700.000	10.000	2117.187	0.263
4710.000	10.000	2117.187	0.263
4720.000	10.000	2117.187	0.263
4730.000	10.000	2117.187	0.263
4740.000	10.000	2117.187	0.263
4750.000	10.000	2117.187	0.263
4760.000	10.000	2117.187	0.263
4770.000	10.000	2117.187	0.263
4780.000	10.000	2117.187	0.263
4790.000	10.000	2117.187	0.263
4800.000	10.000	2117.187	0.263
4810.000	10.000	2117.187	0.263
4820.000	10.000	2117.187	0.263
4830.000	10.000	2117.187	0.263
4840.000	10.000	2117.187	0.263
4850.000	10.000	2117.187	0.263
4860.000	10.000	2117.187	0.263
4870.000	10.000	2117.187	0.263
4880.000	10.000	2117.187	0.263
4890.000	10.000	2117.187	0.263
4900.000	10.000	2117.187	0.263
4910.000	10.000	2117.187	0.263
4920.000	10.000	2117.187	0.263
4930.000	10.000	2117.187	0.263
4940.000	10.000	2117.187	0.263
4950.000	10.000	2117.187	0.263
4960.000	10.000	2117.187	0.263
4970.000	10.000	2117.187	0.263
4980.000	10.000	2255.859	0.121
4990.000	10.000	2265.625	0.277
5000.000	10.000	2265.625	0.277
5010.000	10.000	2257.812	0.276
5020.000	10.000	2257.812	0.276
5030.000	10.000	2257.812	0.276
5040.000	10.000	2257.812	0.276
5050.000	10.000	2257.812	0.276
5060.000	10.000	2257.812	0.276
5070.000	10.000	2257.812	0.276
5080.000	10.000	2318.359	0.345
5090.000	10.000	2318.359	0.345
5100.000	10.000	2318.359	0.345
5110.000	10.000	2318.359	0.345
5120.000	10.000	2318.359	0.345
5130.000	10.000	2318.359	0.345
5140.000	10.000	2318.359	0.345
5150.000	10.000	2318.359	0.345
5160.000	10.000	2318.359	0.345
5170.000	10.000	2318.359	0.345
5180.000	10.000	2343.750	0.299
5190.000	10.000	2343.750	0.299
5200.000	10.000	2347.656	0.418
5210.000	10.000	2357.422	0.446
5220.000	10.000	2357.422	0.446
5230.000	10.000	2357.422	0.446
5240.000	10.000	2357.422	0.446
5250.000	10.000	2347.656	0.435
5260.000	10.000	2347.656	0.435
5270.000	10.000	2347.656	0.435
5280.000	10.000	2363.281	0.328
5290.000	10.000	2363.281	0.328
5300.000	10.000	2363.281	0.328
5310.000	10.000	2363.281	0.328
5320.000	10.000	2410.156	0.278
5330.000	10.000	2410.156	0.278
5340.000	10.000	2410.156	0.278
5350.000	10.000	2410.156	0.278
5360.000	10.000	2410.156	0.278
5370.000	10.000	2410.156	0.278
5380.000	10.000	2458.984	0.339
5390.000	10.000	2453.125	0.257
5400.000	10.000	2449.219	0.293
5410.000	10.000	2449.219	0.293
5420.000	10.000	2449.219	0.293
5430.000	10.000	2449.219	0.293
5440.000	10.000	2449.219	0.293
5450.000	10.000	2472.656	0.327
5460.000	10.000	2472.656	0.327
5470.000	10.000	2472.656	0.327
5480.000	10.000	2472.656	0.327
5490.000	10.000	2482.422	0.458
5500.000	10.000	2482.422	0.458
5510.000	10.000	2482.422	0.458
5520.000	10.000	2482.422	0.458
5530.000	10.000	2482.422	0.458
5540.000	10.000	2513.672	0.286
5550.000	10.000	2515.625	0.436
5560.000	10.000	2515.625	0.436
5570.000	10.000	2515.625	0.436
5580.000	10.000	2515.625	0.436
5590.000	10.000	2515.625	0.436
5600.000	10.000	2515.625	0.436
5610.000	10.000	2558.594	0.361
5620.000	10.000	2558.594	0.361
5630.000	10.000	2550.781	0.323
5640.000	10.000	2550.781	0.323
5650.000	10.000	2550.781	0.323
5660.000	10.000	2550.781	0.323
5670.000	10.000	2550.781	0.323
5680.000	10.000	2550.781	0.323
5690.000	10.000	2550.781	0.323
5700.000	10.000	2550.781	0.323
5710.000	10.000	2550.781	0.323
5720.000	10.000	2550.781	0.323
5730.000	10.000	2550.781	0.323
5740.000	10.000	2550.781	0.323
5750.000	10.000	2550.781	0.323
5760.000	10.000	2550.781	0.323
5770.000	10.000	2550.781	0.323
5780.000	10.000	2550.781	0.323
5790.000	10.000	2550.781	0.323
5800.000	10.000	2550.781	0.323
5810.000	10.000	2673.828	0.296
5820.000	10.000	2673.828	0.296
5830.000	10.000	2673.828	0.296
5840.000	10.000	2648.437	0.279
5850.000	10.000	2648.437	0.279
5860.000	10.000	2648.437	0.279
5870.000	10.000	2648.437	0.279
5880.000	10.000	2648.437	0.279
5890.000	10.000	2648.437	0.279
5900.000	10.000	2671.875	0.192
5910.000	10.000	2671.875	0.192
5920.000	10.000	2671.875	0.192
5930.000	10.000	2699.219	0.358
5940.000	10.000	2699.219	0.358
5950.000	10.000	2703.125	0.178
5960.000	10.000	2699.219	0.238
5970.000	10.000	2699.219	0.238
5980.000	10.000	2699.219	0.238
5990.000	10.000	2699.219	0.238
6000.000	10.000	2699.219	0.238
6010.000	10.000	2724.609	0.272
6020.000	10.000	2744.141	0.520
6030.000	10.000	2712.891	0.458
6040.000	10.000	2736.328	0.376
6050.000	10.000	2736.328	0.376
6060.000	10.000	2736.328	0.376
6070.000	10.000	2736.328	0.376
6080.000	10.000	2736.328	0.376
6090.000	10.000	2769.531	0.466
6100.000	10.000	2769.531	0.466
6110.000	10.000	2769.531	0.466
6120.000	10.000	2769.531	0.466
6130.000	10.000	2769.531	0.466
6140.000	10.000	2769.531	0.466
6150.000	10.000	2769.531	0.466
6160.000	10.000	2761.719	0.005
6170.000	10.000	2742.187	-0.013
6180.000	10.000	2742.187	-0.013
6190.000	10.000	2742.187	-0.013
6200.000	10.000	2742.187	-0.013
6210.000	10.000	2750.000	0.023
6220.000	10.000	2750.000	0.023
6230.000	10.000	2750.000	0.023
6240.000	10.000	2740.234	-0.062
6250.000	10.000	2740.234	-0.062
6260.000	10.000	2740.234	-0.062
6270.000	10.000	2740.234	-0.062
6280.000	10.000	2740.234	-0.062
6290.000	10.000	2740.234	-0.062
6300.000	10.000	2740.234	-0.062
6310.000	10.000	2740.234	-0.062
6320.000	10.000	2740.234	-0.062
6330.000	10.000	2708.984	-0.066
6340.000	10.000	2693.359	-0.040
6350.000	10.000	2693.359	-0.040
6360.000	10.000	2693.359	-0.040
6370.000	10.000	2693.359	-0.040
6380.000	10.000	2699.219	0.096
6390.000	10.000	2699.219	0.096
6400.000	10.000	2699.219	0.096
6410.000	10.000	2699.219	0.096
6420.000	10.000	2681.641	-0.099
6430.000	10.000	2681.641	-0.099
6440.000	10.000	2681.641	-0.099
6450.000	10.000	2681.641	-0.099
6460.000	10.000	2681.641	-0.099
6470.000	10.000	2681.641	-0.099
6480.000	10.000	2681.641	-0.099
6490.000	10.000	2681.641	-0.099
6500.000	10.000	2681.641	-0.099
6510.000	10.000	2681.641	-0.099
6520.000	10.000	2681.641	-0.099
6530.000	10.000	2681.641	-0.099
6540.000	10.000	2681.641	-0.099
6550.000	10.000	2681.641	-0.099
6560.000	10.000	2599.609	-0.030
6570.000	10.000	2599.609	-0.030
6580.000	10.000	2599.609	-0.030
6590.000	10.000	2599.609	-0.030
6600.000	10.000	2599.609	-0.030
6610.000	10.000	2599.609	-0.030
6620.000	10.000	2599.609	-0.030
6630.000	10.000	2599.609	-0.030
6640.000	10.000	2599.609	-0.030
6650.000	10.000	2560.547	-0.046
6660.000	10.000	2556.641	-0.045
6670.000	10.000	2556.641	-0.045
6680.000	10.000	2556.641	-0.045
6690.000	10.000	2556.641	-0.045
6700.000	10.000	2556.641	-0.045
6710.000	10.000	2556.641	-0.045
6720.000	10.000	2556.641	-0.045
6730.000	10.000	2542.969	-0.057
6740.000	10.000	2542.969	-0.057
6750.000	10.000	2529.297	0.076
6760.000	10.000	2529.297	0.076
6770.000	10.000	2529.297	0.076
6780.000	10.000	2529.297	0.076
6790.000	10.000	2496.094	-0.072
6800.000	10.000	2496.094	-0.072
6810.000	10.000	2496.094	-0.072
6820.000	10.000	2496.094	-0.072
6830.000	10.000	2500.000	0.158
6840.000	10.000	2500.000	0.158
6850.000	10.000	2488.281	0.038
6860.000	10.000	2488.281	0.038
6870.000	10.000	2484.375	-0.030
6880.000	10.000	2484.375	-0.030
6890.000	10.000	2480.469	-0.032
6900.000	10.000	2429.687	-0.021
6910.000	10.000	2429.687	-0.021
6920.000	10.000	2484.375	0.088
6930.000	10.000	2427.734	-0.021
6940.000	10.000	2427.734	-0.021
6950.000	10.000	2427.734	-0.021
6960.000	10.000	2427.734	-0.021
6970.000	10.000	2408.203	-0.058
6980.000	10.000	2408.203	-0.058
6990.000	10.000	2408.203	-0.058
7000.000	10.000	2408.203	-0.058
7010.000	10.000	2408.203	-0.058
